8 7 15
#machine 4 3 0 247 1 223 2 100 3 3 140 1 130 6 123 3 3 150 4 160 6 200 2 6 210 5 145
#machine 4 2 0 214 2 150 2 2 87 1 66 3 4 178 5 95 6 150 2 4 120 6 150
#machine 4 2 0 87 1 62 3 6 145 2 180 3 105 3 3 190 4 100 5 153 2 5 170 6 165
#machine 4 2 0 87 1 65 2 2 250 4 173 2 3 145 5 136 2 4 250 5 170
#machine 4 3 1 123 2 145 0 128 3 6 86 3 65 4 47 3 4 110 5 85 1 100 2 3 165 5 180
#machine 4 3 1 145 2 320 3 154 3 3 150 2 123 4 192 3 4 120 5 240 6 180 2 3 120 6 50
#machine 4 2 2 145 1 157 2 2 124 4 168 3 4 145 5 165 6 178 2 6 230 4 140
#machine 4 2 3 245 2 257 2 5 224 4 268 3 4 145 5 165 6 178 2 6 150 5 150
#fixture 4 4 2 3 6 13 5 0 2 6 13 14 5 3 4 8 9 13 3 5 6 13
#fixture 4 5 4 9 12 13 14 3 2 5 10 4 5 7 10 14 4 0 1 11 14
#fixture 4 4 6 7 8 10 3 4 6 10 3 2 4 6 3 5 12 14
#fixture 4 4 4 7 9 10 5 1 2 3 7 8 5 1 2 3 9 13 3 0 4 7
#fixture 4 3 3 9 12 5 1 2 3 5 12 3 1 4 12 4 4 5 7 14
#fixture 4 3 4 8 9 4 4 12 13 14 3 0 8 9 5 1 8 10 12 14
#fixture 4 4 0 1 6 13 3 2 3 12 5 0 1 2 6 14 5 1 5 8 10 11
#fixture 4 3 3 5 9 4 2 3 10 14 4 1 5 10 13 3 0 4 5
#fixtureTime 0 120
#fixtureTime 1 101
#fixtureTime 2 119
#fixtureTime 3 153
#fixtureTime 4 148
#fixtureTime 5 145
#fixtureTime 6 142
#fixtureTime 7 124
#fixtureTime 8 149
#fixtureTime 9 150
#fixtureTime 10 125
#fixtureTime 11 99
#fixtureTime 12 150
#fixtureTime 13 159
#fixtureTime 14 122
