8 7 7
#machine 4 3 0 247 1 223 2 100 3 3 140 1 130 6 123 3 3 150 4 160 6 200 2 6 210 5 145
#machine 4 2 0 214 2 150 2 2 87 1 66 3 4 178 5 95 6 150 2 4 120 6 150
#machine 4 2 0 87 1 62 3 6 145 2 180 3 105 3 3 190 4 100 5 153 2 5 170 6 165
#machine 4 2 0 87 1 65 2 2 250 4 173 2 3 145 5 136 2 4 250 5 170
#machine 4 3 1 123 2 145 0 128 3 6 86 3 65 4 47 3 4 110 5 85 1 100 2 3 165 5 180
#machine 4 3 1 145 2 320 3 154 3 3 150 2 123 4 192 3 4 120 5 240 6 180 2 3 120 6 50
#machine 4 2 2 145 1 157 2 2 124 4 168 3 4 145 5 165 6 178 2 6 230 4 140
#machine 4 2 3 245 2 257 2 5 224 4 268 3 4 145 5 165 6 178 2 6 150 5 150
#fixture 4 3 2 4 6 4 0 2 3 4 3 1 2 6 4 3 4 5 6
#fixture 4 3 0 1 2 3 0 1 6 5 0 1 2 4 5 5 0 1 2 3 6
#fixture 4 3 0 2 5 3 0 1 4 4 0 2 5 6 3 0 2 6
#fixture 4 3 1 3 6 5 0 1 2 4 6 4 0 2 3 6 5 0 2 4 5 6
#fixture 4 3 1 2 5 5 1 2 3 5 6 5 0 2 3 4 6 5 1 2 4 5 6
#fixture 4 3 1 2 6 4 0 3 4 5 5 1 2 4 5 6 3 2 4 6
#fixture 4 3 0 2 3 4 0 1 4 6 4 0 4 5 6 3 1 3 4
#fixture 4 4 1 2 4 6 5 0 1 2 4 5 5 1 2 3 5 6 3 0 2 3
#fixtureTime 0 146
#fixtureTime 1 86
#fixtureTime 2 144
#fixtureTime 3 157
#fixtureTime 4 106
#fixtureTime 5 81
#fixtureTime 6 106
