12 8 23
#machine 4 3 0 247 1 223 2 100 3 3 140 1 130 6 123 3 3 150 4 160 6 200 2 6 210 7 145
#machine 4 2 0 214 2 150 2 2 87 1 66 3 4 178 5 95 6 150 2 4 120 7 150
#machine 4 2 0 87 1 62 3 6 145 2 180 3 105 3 3 190 4 100 5 153 2 5 170 7 165
#machine 4 2 0 87 1 65 2 2 250 4 173 2 3 145 5 136 2 4 250 5 170
#machine 4 3 1 123 2 145 0 128 3 6 86 3 65 4 47 3 4 110 5 85 1 100 2 7 165 5 180
#machine 4 3 1 145 2 320 3 154 3 3 150 2 123 4 192 3 4 120 5 240 6 180 2 3 120 6 50
#machine 4 2 2 145 1 157 2 2 124 4 168 3 4 145 5 165 6 178 2 7 230 4 140
#machine 4 2 3 245 2 257 2 5 224 4 268 3 4 145 5 165 6 178 2 6 150 7 150
#machine 4 2 1 150 2 150 2 2 180 3 220 2 4 40 6 50 2 5 150 7 170
#machine 4 2 3 245 2 257 2 5 224 4 268 3 4 145 5 165 6 178 2 6 150 7 150
#machine 4 2 1 150 2 150 2 2 180 3 220 2 4 40 6 50 2 5 150 7 170
#machine 4 2 2 345 1 357 2 2 224 4 268 3 4 145 5 165 6 178 2 7 230 4 340
#fixture 4 5 0 16 18 3 12 4 16 4 22 9 5 16 3 22 9 13 3 18 7 8
#fixture 4 5 16 2 9 12 15 5 16 19 5 22 6 3 18 22 7 4 17 18 22 13
#fixture 4 4 22 12 13 15 3 19 21 7 3 1 9 10 3 7 8 14
#fixture 4 4 0 9 10 12 3 18 21 8 5 1 18 5 8 13 5 0 17 19 6 8
#fixture 4 5 17 4 10 12 15 5 18 5 6 22 14 3 18 5 12 5 17 4 10 12 13
#fixture 4 3 21 6 7 5 16 4 5 22 12 4 17 2 22 9 3 9 10 15
#fixture 4 4 0 16 18 6 5 16 18 20 11 15 5 1 6 8 9 14 3 3 5 7
#fixture 4 3 2 19 15 4 1 18 19 7 3 20 22 14 3 7 8 11
#fixture 4 5 1 18 22 13 15 4 17 20 11 14 3 4 6 14 5 1 5 22 8 13
#fixture 4 4 1 3 4 5 4 4 20 10 12 5 2 19 5 7 9 4 17 3 11 15
#fixture 4 5 16 18 2 9 10 3 3 4 8 5 5 11 13 14 15 5 20 5 22 13 14
#fixture 4 4 7 9 10 14 3 17 2 21 5 1 2 5 11 12 3 21 13 15
#fixtureTime 0 158
#fixtureTime 1 169
#fixtureTime 2 167
#fixtureTime 3 89
#fixtureTime 4 89
#fixtureTime 5 172
#fixtureTime 6 162
#fixtureTime 7 154
#fixtureTime 8 111
#fixtureTime 9 95
#fixtureTime 10 94
#fixtureTime 11 115
#fixtureTime 12 159
#fixtureTime 13 156
#fixtureTime 14 162
#fixtureTime 15 107
#fixtureTime 16 111
#fixtureTime 17 175
#fixtureTime 18 114
#fixtureTime 19 99
#fixtureTime 20 99
#fixtureTime 21 115
#fixtureTime 22 111
