9 8 14
#machine 4 3 0 247 1 123 2 100 3 3 140 1 130 6 123 3 3 150 4 160 6 200 2 6 210 7 145
#machine 4 2 0 214 2 150 2 2 87 1 66 3 4 178 5 95 6 150 2 4 120 7 150
#machine 4 2 0 87 1 62 3 6 145 2 180 3 105 3 3 190 4 100 5 153 2 5 170 7 165
#machine 4 2 0 87 1 65 2 2 250 4 173 2 3 145 5 136 2 4 250 5 170
#machine 4 3 1 123 2 145 0 128 3 6 86 3 65 4 47 3 4 110 5 85 1 100 2 7 165 5 180
#machine 4 3 1 145 2 320 3 154 3 3 150 2 123 4 192 3 4 120 5 240 6 180 2 3 120 6 50
#machine 4 2 2 145 1 157 2 2 124 4 168 3 4 145 5 165 6 178 2 7 230 4 140
#machine 4 2 3 245 2 257 2 5 224 4 268 3 4 145 5 165 6 178 2 6 150 7 150
#machine 4 2 1 150 2 150 2 2 180 3 220 2 4 40 6 50 2 5 150 7 170
#fixture 4 3 2 8 13 3 1 10 13 3 2 3 7 5 0 8 9 10 11
#fixture 4 4 7 8 9 13 4 0 1 11 12 5 2 3 5 7 13 3 0 10 12
#fixture 4 5 1 5 7 9 12 4 0 3 10 12 4 7 8 9 11 5 0 2 3 6 8
#fixture 4 5 6 9 10 12 13 5 5 6 9 10 13 3 2 4 11 4 2 4 8 11
#fixture 4 3 2 7 8 5 1 5 6 8 9 5 8 9 10 12 13 4 2 5 9 13
#fixture 4 3 3 7 10 4 1 6 10 11 4 0 6 9 11 4 4 7 10 13
#fixture 4 4 5 6 8 11 4 2 5 6 7 5 0 1 3 5 9 5 2 3 5 7 9
#fixture 4 4 1 6 7 10 4 2 4 6 11 4 5 9 10 12 3 2 4 10
#fixture 4 3 0 3 7 3 0 1 13 3 2 4 10 4 3 6 10 12
#fixtureTime 0 109
#fixtureTime 1 144
#fixtureTime 2 133
#fixtureTime 3 118
#fixtureTime 4 86
#fixtureTime 5 130
#fixtureTime 6 107
#fixtureTime 7 130
#fixtureTime 8 80
#fixtureTime 9 116
#fixtureTime 10 149
#fixtureTime 11 142
#fixtureTime 12 113
#fixtureTime 13 93
