7 7 7
#machine 3 3 0 247 1 223 2 100 3 3 140 1 130 6 123 3 3 150 4 160 6 200
#machine 3 2 0 214 2 150 2 2 87 1 66 3 4 178 5 95 6 150
#machine 3 2 0 87 1 62 3 6 145 2 180 3 105 3 3 190 4 100 5 153
#machine 3 2 0 87 1 65 2 2 250 4 173 2 3 145 5 136
#machine 3 3 1 123 2 145 0 128 3 6 86 3 65 4 47 3 4 110 5 85 1 100
#machine 3 3 1 145 2 320 3 154 3 3 150 2 123 4 192 3 4 120 5 240 6 180
#machine 3 2 2 145 1 157 2 2 124 4 168 3 4 145 5 165 6 178
#fixture 3 4 0 3 5 6 6 0 1 3 4 5 6 6 0 1 2 3 4 5
#fixture 3 3 2 4 6 5 1 3 4 5 6 4 0 4 5 6
#fixture 3 3 0 4 5 3 2 3 6 6 1 2 3 4 5 6
#fixture 3 6 1 2 3 4 5 6 5 2 3 4 5 6 4 1 2 3 5
#fixture 3 3 2 3 6 5 1 3 4 5 6 5 2 3 4 5 6
#fixture 3 5 1 2 3 4 5 4 0 1 4 6 6 0 1 3 4 5 6
#fixture 3 6 0 1 3 4 5 6 4 0 1 3 4 5 1 2 3 4 5
#fixtureTime 0 87
#fixtureTime 1 88
#fixtureTime 2 111
#fixtureTime 3 96
#fixtureTime 4 83
#fixtureTime 5 86
#fixtureTime 6 108
