11 8 14
#machine 4 3 0 247 1 123 2 100 3 3 140 1 130 6 123 3 3 150 4 160 6 200 2 6 210 7 145
#machine 4 2 0 214 2 150 2 2 87 1 66 3 4 178 5 95 6 150 2 4 120 7 150
#machine 4 2 0 87 1 62 3 6 145 2 180 3 105 3 3 190 4 100 5 153 2 5 170 7 165
#machine 4 2 0 87 1 65 2 2 250 4 173 2 3 145 5 136 2 4 250 5 170
#machine 4 3 1 123 2 145 0 128 3 6 86 3 65 4 47 3 4 110 5 85 1 100 2 7 165 5 180
#machine 4 3 1 145 2 320 3 154 3 3 150 2 123 4 192 3 4 120 5 240 6 180 2 3 120 6 50
#machine 4 2 2 145 1 157 2 2 124 4 168 3 4 145 5 165 6 178 2 7 230 4 140
#machine 4 2 3 245 2 257 2 5 224 4 268 3 4 145 5 165 6 178 2 6 150 7 150
#machine 4 2 1 150 2 150 2 2 180 3 220 2 4 40 6 50 2 5 150 7 170
#machine 4 2 3 245 2 257 2 5 224 4 268 3 4 145 5 165 6 178 2 6 150 7 150
#machine 4 2 1 150 2 150 2 2 180 3 220 2 4 40 6 50 2 5 150 7 170
#fixture 4 5 1 3 4 11 13 4 5 6 8 10 3 2 7 9 5 0 1 3 11 12
#fixture 4 5 4 5 6 8 12 3 0 5 7 3 6 8 11 5 1 2 5 9 12
#fixture 4 5 0 6 7 10 11 5 0 1 6 9 13 5 1 3 9 12 13 3 5 7 12
#fixture 4 5 1 5 6 7 10 4 3 4 10 13 4 0 2 6 8 5 6 8 10 11 12
#fixture 4 5 0 1 4 5 8 3 1 2 3 3 1 6 11 3 3 4 13
#fixture 4 3 3 5 13 5 0 1 6 10 13 3 2 4 9 3 0 8 12
#fixture 4 3 2 7 8 4 2 3 8 11 5 1 6 10 11 13 4 1 2 3 11
#fixture 4 4 2 4 6 10 5 0 1 4 6 13 3 1 9 12 4 2 3 4 10
#fixture 4 4 0 2 10 13 5 1 4 6 7 13 4 6 9 11 13 5 5 8 9 10 13
#fixture 4 3 3 4 8 4 1 5 10 13 5 1 3 4 5 6 3 1 3 6
#fixture 4 3 0 9 10 3 0 6 10 4 3 6 8 12 5 0 1 2 9 12
#fixtureTime 0 135
#fixtureTime 1 116
#fixtureTime 2 148
#fixtureTime 3 134
#fixtureTime 4 141
#fixtureTime 5 89
#fixtureTime 6 96
#fixtureTime 7 91
#fixtureTime 8 118
#fixtureTime 9 160
#fixtureTime 10 114
#fixtureTime 11 133
#fixtureTime 12 142
#fixtureTime 13 129
