10 6 10
#machine 6 2 0 5 2 4 3 4 3 2 5 1 1 2 2 4 5 2 3 5 5 1 6 0 1 1 2 1 3 5 6 2 6 3 3
#machine 5 1 1 6 1 2 1 1 0 2 2 1 6 3 6 3 5 5 1 6 0 1
#machine 5 1 1 6 2 2 4 5 2 3 5 5 1 6 0 1 3 2 4 1 6 5 6 2 0 1 4 5
#machine 5 3 5 5 1 6 0 1 1 1 6 1 2 1 3 4 3 2 5 1 1 2 2 4 5 2
#machine 6 3 4 3 2 5 1 1 3 5 5 1 6 0 1 1 1 6 2 0 5 2 4 2 1 6 3 6 3 2 4 1 6 5 6
#machine 6 2 2 4 5 2 1 0 2 3 2 4 1 6 5 6 1 1 6 3 5 5 1 6 0 1 2 0 3 3 2
#machine 5 1 5 1 2 0 3 3 2 3 2 4 1 6 5 6 3 1 6 4 1 0 6 1 2 1
#machine 5 2 2 4 5 2 3 2 4 1 6 5 6 3 5 5 1 6 0 1 1 1 6 2 1 6 3 6
#machine 6 1 5 1 2 0 1 4 5 3 5 6 2 6 3 3 1 0 2 3 2 4 1 6 5 6 2 1 6 3 6
#machine 6 2 2 4 5 2 3 2 4 1 6 5 6 3 4 3 2 5 1 1 1 5 1 2 1 6 3 6 2 0 3 3 2
#fixture 6 3 0 4 6 5 0 2 3 7 8 3 0 7 9 5 1 3 6 7 8 4 1 4 6 7 5 0 3 7 8 9
#fixture 5 4 0 4 6 9 3 6 8 9 3 2 3 7 5 3 4 5 6 8 5 1 3 5 8 9
#fixture 5 3 1 3 7 5 2 3 4 5 7 5 1 2 6 7 9 4 0 2 3 6 4 0 3 5 9
#fixture 5 3 2 8 9 5 2 3 4 5 7 4 0 3 5 9 3 2 3 7 5 0 1 3 4 5
#fixture 6 3 3 5 6 5 1 3 5 6 7 4 2 3 5 9 5 2 3 4 5 6 4 1 3 4 9 4 2 4 7 8
#fixture 6 4 1 6 8 9 5 1 4 5 8 9 4 1 2 8 9 4 1 2 3 8 3 5 6 7 3 0 2 3
#fixture 5 5 2 4 5 7 8 3 2 8 9 4 1 3 7 9 4 3 4 5 9 5 1 2 3 4 5
#fixture 5 5 0 3 4 5 6 5 2 4 5 6 8 3 5 7 9 3 1 3 4 5 1 4 5 7 8
#fixture 6 3 0 4 6 3 1 3 8 4 0 1 5 9 4 1 2 3 9 4 1 2 3 6 4 2 4 7 9
#fixture 6 3 2 4 5 3 2 3 5 5 1 4 7 8 9 3 3 4 7 5 0 1 2 5 6 5 0 1 3 4 6
#fixtureTime 0 3
#fixtureTime 1 2
#fixtureTime 2 1
#fixtureTime 3 2
#fixtureTime 4 1
#fixtureTime 5 1
#fixtureTime 6 1
#fixtureTime 7 1
#fixtureTime 8 1
#fixtureTime 9 1
