10 6 16
#machine 6 6 2 3 3 5 0 3 5 6 1 2 4 3 2 5 5 2 4 6 0 1 4 6 2 3 3 3 1 6 5 5 1 1 6 2 5 3 4 6 3 2 2 1 1 4 4
#machine 6 5 5 1 4 6 0 3 1 4 3 2 2 5 3 4 6 1 4 2 2 1 4 2 3 3 2 2 1 1 4 4 6 2 3 3 5 0 3 5 6 1 2 4 3
#machine 6 6 0 1 4 6 2 3 3 3 1 6 5 5 6 4 3 3 6 1 4 5 6 2 6 0 2 3 2 2 1 1 4 4 5 2 5 0 4 1 3 5 3 4 2 6 3 1 0 5 1 4 4 5 2 3 5 3 5 5 3 0 4 3 6 2 6 4 3
#machine 6 5 2 5 0 4 1 3 5 3 4 2 5 5 1 4 6 0 3 1 4 3 2 1 1 6 6 0 1 4 6 2 3 3 3 1 6 5 5 5 0 4 3 5 1 3 5 3 4 4 6 3 1 0 5 1 4 4 5 2 3 5 3
#machine 6 6 4 3 3 6 1 4 5 6 2 6 0 2 5 0 4 3 5 1 3 5 3 4 4 1 3 3 5 5 3 0 4 3 6 2 6 4 3 5 5 1 4 6 0 3 1 4 3 2 2 1 4 2 3
#machine 6 5 5 3 0 4 3 6 2 6 4 3 2 5 5 2 4 5 2 5 0 4 1 3 5 3 4 2 6 4 3 3 6 1 4 5 6 2 6 0 2 1 1 6 5 5 1 4 6 0 3 1 4 3 2
#machine 5 6 3 1 0 5 1 4 4 5 2 3 5 3 1 4 2 6 4 3 3 6 1 4 5 6 2 6 0 2 6 2 3 3 5 0 3 5 6 1 2 4 3 5 5 3 0 4 3 6 2 6 4 3
#machine 6 2 1 4 2 3 5 2 5 0 4 1 3 5 3 4 2 6 4 3 3 6 1 4 5 6 2 6 0 2 5 5 3 0 4 3 6 2 6 4 3 5 0 4 3 5 1 3 5 3 4 4 5 5 1 4 6 0 3 1 4 3 2
#machine 5 1 1 6 2 5 5 2 4 5 5 1 4 6 0 3 1 4 3 2 5 0 4 3 5 1 3 5 3 4 4 2 1 4 2 3
#machine 6 1 3 3 6 4 3 3 6 1 4 5 6 2 6 0 2 5 5 3 0 4 3 6 2 6 4 3 6 3 1 0 5 1 4 4 5 2 3 5 3 2 5 3 4 6 5 5 1 4 6 0 3 1 4 3 2
#fixture 6 5 11 12 13 14 15 8 0 5 6 7 9 12 13 14 7 2 4 5 6 9 10 14 6 2 4 8 11 14 15 5 1 2 4 6 14 7 1 6 8 10 11 12 15
#fixture 6 5 1 4 8 11 12 5 1 6 7 10 12 6 1 5 6 10 12 13 7 2 3 4 5 9 11 15 5 6 10 11 13 15 5 1 2 6 12 14
#fixture 6 8 0 1 2 5 9 12 13 15 8 0 1 3 5 6 7 8 11 6 2 5 6 7 12 13 7 0 3 8 9 10 12 15 6 6 7 11 13 14 15 6 3 7 10 11 13 15
#fixture 6 6 0 1 3 5 12 13 8 0 3 4 5 6 7 9 14 7 0 2 6 7 9 14 15 7 0 1 2 3 9 11 13 5 5 7 10 13 14 9 0 1 2 3 5 6 9 10 15
#fixture 6 8 1 3 5 6 10 13 14 15 8 1 2 3 7 10 13 14 15 9 0 3 6 7 8 11 13 14 15 8 3 5 7 8 9 12 14 15 5 5 7 9 11 12 9 4 5 8 9 11 12 13 14 15
#fixture 6 5 0 1 5 6 11 5 2 4 5 6 14 5 1 3 9 11 15 9 1 2 3 4 6 7 9 12 13 8 0 1 2 3 4 6 8 9 5 2 3 5 9 15
#fixture 5 5 1 5 9 10 14 8 0 2 3 5 8 11 12 15 8 2 5 8 10 11 12 13 15 6 0 1 5 6 8 12 9 0 1 3 4 9 12 13 14 15
#fixture 6 9 0 2 5 6 7 9 10 12 13 7 1 6 8 9 11 13 14 8 0 1 7 8 9 13 14 15 6 0 5 6 9 10 13 9 0 1 2 3 4 9 10 12 13 5 3 6 9 11 13
#fixture 5 8 0 1 4 6 7 12 14 15 5 1 4 7 8 13 5 2 4 8 12 15 5 7 8 11 14 15 7 0 1 2 4 5 12 14
#fixture 6 5 1 5 7 9 13 5 1 5 9 12 15 9 0 2 5 6 7 8 9 11 13 6 0 3 7 10 12 15 6 0 4 8 11 13 15 5 4 6 8 10 12
#fixtureTime 0 1
#fixtureTime 1 1
#fixtureTime 2 1
#fixtureTime 3 3
#fixtureTime 4 3
#fixtureTime 5 3
#fixtureTime 6 3
#fixtureTime 7 1
#fixtureTime 8 1
#fixtureTime 9 3
#fixtureTime 10 2
#fixtureTime 11 2
#fixtureTime 12 1
#fixtureTime 13 1
#fixtureTime 14 3
#fixtureTime 15 2
