10 6 9
#machine 6 6 2 3 3 5 0 3 5 6 1 2 4 3 2 5 5 2 4 6 0 1 4 6 2 3 3 3 1 6 5 5 1 1 6 2 5 3 4 6 3 2 2 1 1 4 4
#machine 6 5 5 1 4 6 0 3 1 4 3 2 2 5 3 4 6 1 4 2 2 1 4 2 3 3 2 2 1 1 4 4 6 2 3 3 5 0 3 5 6 1 2 4 3
#machine 6 6 0 1 4 6 2 3 3 3 1 6 5 5 6 4 3 3 6 1 4 5 6 2 6 0 2 3 2 2 1 1 4 4 5 2 5 0 4 1 3 5 3 4 2 6 3 1 0 5 1 4 4 5 2 3 5 3 5 5 3 0 4 3 6 2 6 4 3
#machine 6 5 2 5 0 4 1 3 5 3 4 2 5 5 1 4 6 0 3 1 4 3 2 1 1 6 6 0 1 4 6 2 3 3 3 1 6 5 5 5 0 4 3 5 1 3 5 3 4 4 6 3 1 0 5 1 4 4 5 2 3 5 3
#machine 6 6 4 3 3 6 1 4 5 6 2 6 0 2 5 0 4 3 5 1 3 5 3 4 4 1 3 3 5 5 3 0 4 3 6 2 6 4 3 5 5 1 4 6 0 3 1 4 3 2 2 1 4 2 3
#machine 6 5 5 3 0 4 3 6 2 6 4 3 2 5 5 2 4 5 2 5 0 4 1 3 5 3 4 2 6 4 3 3 6 1 4 5 6 2 6 0 2 1 1 6 5 5 1 4 6 0 3 1 4 3 2
#machine 5 6 3 1 0 5 1 4 4 5 2 3 5 3 1 4 2 6 4 3 3 6 1 4 5 6 2 6 0 2 6 2 3 3 5 0 3 5 6 1 2 4 3 5 5 3 0 4 3 6 2 6 4 3
#machine 6 2 1 4 2 3 5 2 5 0 4 1 3 5 3 4 2 6 4 3 3 6 1 4 5 6 2 6 0 2 5 5 3 0 4 3 6 2 6 4 3 5 0 4 3 5 1 3 5 3 4 4 5 5 1 4 6 0 3 1 4 3 2
#machine 5 1 1 6 2 5 5 2 4 5 5 1 4 6 0 3 1 4 3 2 5 0 4 3 5 1 3 5 3 4 4 2 1 4 2 3
#machine 6 1 3 3 6 4 3 3 6 1 4 5 6 2 6 0 2 5 5 3 0 4 3 6 2 6 4 3 6 3 1 0 5 1 4 4 5 2 3 5 3 2 5 3 4 6 5 5 1 4 6 0 3 1 4 3 2
#fixture 6 6 1 3 4 6 7 8 6 1 2 3 5 6 8 9 0 1 2 3 4 5 6 7 8 5 0 2 6 7 8 9 0 1 2 3 4 5 6 7 8 6 0 1 2 4 6 8
#fixture 6 6 1 2 4 5 6 7 6 0 2 3 4 6 7 7 0 1 2 3 5 6 7 6 1 2 3 4 6 8 6 0 2 3 5 6 8 9 0 1 2 3 4 5 6 7 8
#fixture 6 8 0 1 2 4 5 6 7 8 8 0 1 3 4 5 6 7 8 8 0 1 2 3 4 5 6 8 5 1 5 6 7 8 5 0 2 5 6 7 5 0 1 5 6 7
#fixture 6 9 0 1 2 3 4 5 6 7 8 8 0 2 3 4 5 6 7 8 7 0 1 2 3 4 6 8 5 0 2 3 4 5 5 0 1 5 6 8 5 1 2 3 5 7
#fixture 6 5 1 3 5 6 8 7 1 2 3 4 5 7 8 8 0 2 3 4 5 6 7 8 7 1 2 3 4 5 7 8 5 3 4 5 7 8 5 0 1 4 6 7
#fixture 6 7 0 1 2 4 5 6 8 8 0 1 3 4 5 6 7 8 6 2 4 5 6 7 8 9 0 1 2 3 4 5 6 7 8 5 1 2 5 6 8 9 0 1 2 3 4 5 6 7 8
#fixture 5 7 1 2 3 5 6 7 8 8 0 1 2 4 5 6 7 8 7 0 1 2 3 4 6 8 9 0 1 2 3 4 5 6 7 8 7 0 1 2 4 6 7 8
#fixture 6 8 0 1 3 4 5 6 7 8 6 0 1 3 5 7 8 7 0 1 3 4 5 7 8 8 0 1 2 3 5 6 7 8 9 0 1 2 3 4 5 6 7 8 5 0 1 2 3 5
#fixture 5 9 0 1 2 3 4 5 6 7 8 7 1 2 3 4 5 6 8 7 0 1 2 4 5 6 8 7 0 1 2 4 5 6 8 8 0 2 3 4 5 6 7 8
#fixture 6 6 0 1 2 5 7 8 9 0 1 2 3 4 5 6 7 8 8 0 1 3 4 5 6 7 8 9 0 1 2 3 4 5 6 7 8 9 0 1 2 3 4 5 6 7 8 8 0 1 2 3 4 5 6 8
#fixtureTime 0 3
#fixtureTime 1 1
#fixtureTime 2 3
#fixtureTime 3 3
#fixtureTime 4 2
#fixtureTime 5 1
#fixtureTime 6 2
#fixtureTime 7 2
#fixtureTime 8 3
