15 8 7
#machine 10 4 6 15 7 11 3 5 4 19 2 2 18 3 5 4 7 18 6 3 5 11 2 16 4 4 7 1 1 6 2 2 19 2 4 6 5 3 3 3 5 4 2 7 18 1 4 2 1 0 17 5 4 10 1 10 0 12 7 5 2 14 3 6 15 5 2 7 19
#machine 10 4 7 18 6 3 5 11 2 16 1 0 17 2 1 1 3 13 5 4 10 1 10 0 12 7 5 2 14 5 3 11 0 9 1 18 5 18 2 13 2 5 15 6 13 4 6 15 7 11 3 5 4 19 4 4 7 1 1 6 2 2 19 4 3 11 0 7 5 13 7 3 3 6 15 5 2 7 19
#machine 10 2 2 3 4 5 4 4 7 1 1 6 2 2 19 2 2 18 3 5 2 4 6 5 3 4 3 11 0 7 5 13 7 3 3 6 15 5 2 7 19 5 3 11 0 9 1 18 5 18 2 13 3 3 5 4 2 7 18 1 0 17 2 1 1 3 13
#machine 10 2 2 18 3 5 2 2 3 4 5 5 3 11 0 9 1 18 5 18 2 13 4 3 11 0 7 5 13 7 3 2 5 15 6 13 4 4 7 1 1 6 2 2 19 1 4 2 4 7 18 6 3 5 11 2 16 1 0 17 2 4 6 5 3
#machine 10 2 5 15 6 13 3 6 15 5 2 7 19 1 4 2 4 6 15 7 11 3 5 4 19 5 3 11 0 9 1 18 5 18 2 13 4 4 7 1 1 6 2 2 19 3 3 5 4 2 7 18 2 4 6 5 3 2 2 3 4 5 5 4 10 1 10 0 12 7 5 2 14
#machine 10 2 1 1 3 13 2 5 15 6 13 2 2 18 3 5 4 7 18 6 3 5 11 2 16 5 3 11 0 9 1 18 5 18 2 13 5 4 10 1 10 0 12 7 5 2 14 4 3 11 0 7 5 13 7 3 4 6 15 7 11 3 5 4 19 2 4 6 5 3 2 2 3 4 5
#machine 10 5 4 10 1 10 0 12 7 5 2 14 4 3 11 0 7 5 13 7 3 2 1 1 3 13 1 0 17 2 5 15 6 13 4 4 7 1 1 6 2 2 19 1 4 2 5 3 11 0 9 1 18 5 18 2 13 2 2 18 3 5 3 6 15 5 2 7 19
#machine 10 3 6 15 5 2 7 19 1 0 17 4 6 15 7 11 3 5 4 19 2 5 15 6 13 5 4 10 1 10 0 12 7 5 2 14 4 3 11 0 7 5 13 7 3 5 3 11 0 9 1 18 5 18 2 13 2 1 1 3 13 2 2 18 3 5 2 2 3 4 5
#machine 10 1 0 17 5 4 10 1 10 0 12 7 5 2 14 4 7 18 6 3 5 11 2 16 3 6 15 5 2 7 19 2 5 15 6 13 4 3 11 0 7 5 13 7 3 1 4 2 2 1 1 3 13 5 3 11 0 9 1 18 5 18 2 13 4 6 15 7 11 3 5 4 19
#machine 10 1 0 17 2 5 15 6 13 3 3 5 4 2 7 18 5 3 11 0 9 1 18 5 18 2 13 4 3 11 0 7 5 13 7 3 2 2 18 3 5 2 4 6 5 3 3 6 15 5 2 7 19 4 7 18 6 3 5 11 2 16 5 4 10 1 10 0 12 7 5 2 14
#machine 10 2 1 1 3 13 3 6 15 5 2 7 19 4 7 18 6 3 5 11 2 16 2 2 18 3 5 2 4 6 5 3 1 0 17 2 2 3 4 5 3 3 5 4 2 7 18 5 4 10 1 10 0 12 7 5 2 14 5 3 11 0 9 1 18 5 18 2 13
#machine 10 4 3 11 0 7 5 13 7 3 3 3 5 4 2 7 18 4 7 18 6 3 5 11 2 16 1 0 17 5 3 11 0 9 1 18 5 18 2 13 3 6 15 5 2 7 19 1 4 2 2 2 3 4 5 4 6 15 7 11 3 5 4 19 2 1 1 3 13
#machine 10 5 4 10 1 10 0 12 7 5 2 14 1 4 2 2 2 18 3 5 4 4 7 1 1 6 2 2 19 2 5 15 6 13 4 7 18 6 3 5 11 2 16 4 6 15 7 11 3 5 4 19 5 3 11 0 9 1 18 5 18 2 13 2 4 6 5 3 4 3 11 0 7 5 13 7 3
#machine 10 4 7 18 6 3 5 11 2 16 3 3 5 4 2 7 18 2 1 1 3 13 4 4 7 1 1 6 2 2 19 2 4 6 5 3 2 2 18 3 5 2 5 15 6 13 1 4 2 5 3 11 0 9 1 18 5 18 2 13 1 0 17
#machine 10 5 4 10 1 10 0 12 7 5 2 14 2 4 6 5 3 2 5 15 6 13 4 6 15 7 11 3 5 4 19 4 7 18 6 3 5 11 2 16 1 0 17 5 3 11 0 9 1 18 5 18 2 13 3 3 5 4 2 7 18 2 2 18 3 5 4 4 7 1 1 6 2 2 19
#fixture 10 3 0 1 4 4 0 1 4 5 3 0 4 5 2 2 3 4 2 3 4 5 3 0 4 6 3 1 2 5 2 0 3 3 0 3 6 4 1 2 5 6
#fixture 10 4 0 1 3 4 3 1 2 6 2 2 5 2 2 4 2 0 2 2 3 5 4 3 4 5 6 4 0 1 3 4 4 1 4 5 6 2 0 6
#fixture 10 3 0 1 3 2 0 4 3 0 1 3 2 3 5 2 2 6 2 2 6 4 0 1 2 3 3 2 3 6 2 5 6 3 0 5 6
#fixture 10 3 1 2 4 4 1 3 4 5 3 2 4 6 3 0 3 6 4 3 4 5 6 2 1 4 4 0 3 4 6 2 0 4 2 0 1 4 1 2 3 6
#fixture 10 4 0 1 2 6 3 3 4 5 3 1 3 5 2 0 1 4 2 3 5 6 3 0 4 6 4 0 2 5 6 4 0 2 3 6 4 0 2 3 6 2 1 5
#fixture 10 2 2 3 3 4 5 6 4 1 2 3 4 2 3 6 2 2 4 3 1 2 6 2 0 3 2 4 6 3 2 3 4 3 0 1 6
#fixture 10 3 1 2 5 3 0 1 2 2 0 1 3 0 3 4 2 0 6 4 0 1 3 4 2 0 5 4 0 1 2 5 2 0 4 4 0 3 4 6
#fixture 10 4 0 4 5 6 3 0 1 3 2 2 6 3 2 3 5 4 0 2 3 5 3 2 3 6 4 0 3 4 6 2 0 3 3 0 3 4 3 0 3 6
#fixture 10 4 1 2 4 5 4 0 1 2 4 4 0 3 5 6 4 1 2 3 6 3 1 3 4 2 0 5 4 1 3 5 6 4 0 2 4 5 2 1 3 2 1 3
#fixture 10 2 3 6 3 0 2 4 4 0 2 3 5 3 1 2 6 4 0 1 3 5 2 3 6 4 2 3 4 6 3 0 3 6 3 2 4 5 3 0 2 5
#fixture 10 4 2 3 4 6 4 0 1 2 6 4 1 3 5 6 3 1 2 6 4 0 1 2 5 2 0 4 2 0 4 4 0 1 5 6 2 3 4 2 1 4
#fixture 10 4 0 2 3 5 2 5 6 2 2 5 3 1 4 6 4 1 2 4 5 3 0 1 5 4 0 1 4 5 4 2 3 4 5 3 0 4 5 4 0 1 4 6
#fixture 10 3 0 1 4 4 0 4 5 6 4 0 1 3 4 4 1 3 4 5 2 0 1 2 4 6 3 0 3 4 3 1 2 5 3 1 3 5 4 0 2 4 6
#fixture 10 2 4 6 4 2 3 4 6 4 0 2 5 6 3 0 1 6 4 0 1 2 4 3 0 3 6 3 0 3 4 2 2 6 2 0 6 3 2 4 5
#fixture 10 4 0 2 3 4 2 1 5 2 4 6 2 3 5 3 0 1 4 4 0 1 2 5 2 1 2 3 0 2 6 3 0 2 4 2 2 6
#fixtureTime 0 7
#fixtureTime 1 8
#fixtureTime 2 4
#fixtureTime 3 6
#fixtureTime 4 5
#fixtureTime 5 7
#fixtureTime 6 8
