15 8 17
#machine 10 4 6 15 7 11 3 5 4 19 2 2 18 3 5 4 7 18 6 3 5 11 2 16 4 4 7 1 1 6 2 2 19 2 4 6 5 3 3 3 5 4 2 7 18 1 4 2 1 0 17 5 4 10 1 10 0 12 7 5 2 14 3 6 15 5 2 7 19
#machine 10 4 7 18 6 3 5 11 2 16 1 0 17 2 1 1 3 13 5 4 10 1 10 0 12 7 5 2 14 5 3 11 0 9 1 18 5 18 2 13 2 5 15 6 13 4 6 15 7 11 3 5 4 19 4 4 7 1 1 6 2 2 19 4 3 11 0 7 5 13 7 3 3 6 15 5 2 7 19
#machine 10 2 2 3 4 5 4 4 7 1 1 6 2 2 19 2 2 18 3 5 2 4 6 5 3 4 3 11 0 7 5 13 7 3 3 6 15 5 2 7 19 5 3 11 0 9 1 18 5 18 2 13 3 3 5 4 2 7 18 1 0 17 2 1 1 3 13
#machine 10 2 2 18 3 5 2 2 3 4 5 5 3 11 0 9 1 18 5 18 2 13 4 3 11 0 7 5 13 7 3 2 5 15 6 13 4 4 7 1 1 6 2 2 19 1 4 2 4 7 18 6 3 5 11 2 16 1 0 17 2 4 6 5 3
#machine 10 2 5 15 6 13 3 6 15 5 2 7 19 1 4 2 4 6 15 7 11 3 5 4 19 5 3 11 0 9 1 18 5 18 2 13 4 4 7 1 1 6 2 2 19 3 3 5 4 2 7 18 2 4 6 5 3 2 2 3 4 5 5 4 10 1 10 0 12 7 5 2 14
#machine 10 2 1 1 3 13 2 5 15 6 13 2 2 18 3 5 4 7 18 6 3 5 11 2 16 5 3 11 0 9 1 18 5 18 2 13 5 4 10 1 10 0 12 7 5 2 14 4 3 11 0 7 5 13 7 3 4 6 15 7 11 3 5 4 19 2 4 6 5 3 2 2 3 4 5
#machine 10 5 4 10 1 10 0 12 7 5 2 14 4 3 11 0 7 5 13 7 3 2 1 1 3 13 1 0 17 2 5 15 6 13 4 4 7 1 1 6 2 2 19 1 4 2 5 3 11 0 9 1 18 5 18 2 13 2 2 18 3 5 3 6 15 5 2 7 19
#machine 10 3 6 15 5 2 7 19 1 0 17 4 6 15 7 11 3 5 4 19 2 5 15 6 13 5 4 10 1 10 0 12 7 5 2 14 4 3 11 0 7 5 13 7 3 5 3 11 0 9 1 18 5 18 2 13 2 1 1 3 13 2 2 18 3 5 2 2 3 4 5
#machine 10 1 0 17 5 4 10 1 10 0 12 7 5 2 14 4 7 18 6 3 5 11 2 16 3 6 15 5 2 7 19 2 5 15 6 13 4 3 11 0 7 5 13 7 3 1 4 2 2 1 1 3 13 5 3 11 0 9 1 18 5 18 2 13 4 6 15 7 11 3 5 4 19
#machine 10 1 0 17 2 5 15 6 13 3 3 5 4 2 7 18 5 3 11 0 9 1 18 5 18 2 13 4 3 11 0 7 5 13 7 3 2 2 18 3 5 2 4 6 5 3 3 6 15 5 2 7 19 4 7 18 6 3 5 11 2 16 5 4 10 1 10 0 12 7 5 2 14
#machine 10 2 1 1 3 13 3 6 15 5 2 7 19 4 7 18 6 3 5 11 2 16 2 2 18 3 5 2 4 6 5 3 1 0 17 2 2 3 4 5 3 3 5 4 2 7 18 5 4 10 1 10 0 12 7 5 2 14 5 3 11 0 9 1 18 5 18 2 13
#machine 10 4 3 11 0 7 5 13 7 3 3 3 5 4 2 7 18 4 7 18 6 3 5 11 2 16 1 0 17 5 3 11 0 9 1 18 5 18 2 13 3 6 15 5 2 7 19 1 4 2 2 2 3 4 5 4 6 15 7 11 3 5 4 19 2 1 1 3 13
#machine 10 5 4 10 1 10 0 12 7 5 2 14 1 4 2 2 2 18 3 5 4 4 7 1 1 6 2 2 19 2 5 15 6 13 4 7 18 6 3 5 11 2 16 4 6 15 7 11 3 5 4 19 5 3 11 0 9 1 18 5 18 2 13 2 4 6 5 3 4 3 11 0 7 5 13 7 3
#machine 10 4 7 18 6 3 5 11 2 16 3 3 5 4 2 7 18 2 1 1 3 13 4 4 7 1 1 6 2 2 19 2 4 6 5 3 2 2 18 3 5 2 5 15 6 13 1 4 2 5 3 11 0 9 1 18 5 18 2 13 1 0 17
#machine 10 5 4 10 1 10 0 12 7 5 2 14 2 4 6 5 3 2 5 15 6 13 4 6 15 7 11 3 5 4 19 4 7 18 6 3 5 11 2 16 1 0 17 5 3 11 0 9 1 18 5 18 2 13 3 3 5 4 2 7 18 2 2 18 3 5 4 4 7 1 1 6 2 2 19
#fixture 10 5 0 8 9 13 15 6 16 0 2 5 9 11 5 1 3 8 9 11 6 16 1 11 12 13 14 6 0 2 11 13 14 15 4 16 2 10 13 6 3 6 8 11 12 15 4 5 11 12 15 6 16 1 11 13 14 15 4 1 8 11 13
#fixture 10 7 0 6 9 11 12 13 14 6 2 6 9 13 14 15 6 2 5 8 11 12 13 4 8 11 13 14 4 2 3 7 13 7 1 2 3 6 7 9 15 5 16 0 1 5 13 6 2 5 8 9 12 13 5 16 3 6 7 15 7 16 1 2 5 11 12 14
#fixture 10 7 16 2 4 11 12 13 14 6 0 3 9 11 12 14 4 1 5 12 15 4 1 11 13 15 4 7 8 11 14 4 3 5 6 10 5 2 4 7 9 10 5 16 3 11 14 15 4 0 5 11 12 6 1 3 4 5 10 13
#fixture 10 4 16 1 4 13 6 2 3 7 9 10 15 4 16 10 11 13 6 1 5 6 7 14 15 4 16 1 10 11 4 6 9 10 13 5 2 8 9 13 15 7 16 2 5 9 11 14 15 6 0 2 3 7 12 13 4 2 4 5 14
#fixture 10 7 16 1 6 9 10 13 14 7 0 3 6 7 9 11 12 7 16 5 7 8 11 13 15 4 2 4 5 15 7 16 0 2 3 4 6 11 4 16 2 13 15 6 1 2 3 4 5 8 7 1 2 3 4 5 6 9 5 1 2 7 11 12 6 16 5 7 10 13 15
#fixture 10 4 16 1 9 10 5 1 7 8 11 15 6 0 1 2 6 9 13 7 16 1 5 8 11 12 13 4 16 3 13 15 5 0 1 2 7 11 7 0 1 2 5 8 10 12 7 0 16 1 9 10 11 13 7 0 1 5 6 10 11 14 4 0 3 9 14
#fixture 10 5 7 9 11 12 15 5 4 7 8 9 11 4 16 7 11 13 7 3 4 5 8 9 10 13 5 1 4 10 12 13 5 5 8 9 10 15 4 3 6 12 15 5 16 1 4 9 13 7 0 4 7 8 9 11 14 4 16 8 11 15
#fixture 10 5 2 8 11 13 14 5 7 8 10 13 14 7 16 0 3 6 8 14 15 5 16 6 9 13 15 5 3 4 7 8 11 5 3 8 12 13 15 6 3 5 11 12 13 15 4 16 7 14 15 7 0 4 6 10 12 13 15 7 0 1 3 5 9 10 13
#fixture 10 7 0 1 2 3 7 14 15 7 16 1 2 7 8 11 12 7 16 7 10 11 12 14 15 7 4 5 6 7 10 12 14 5 0 4 6 10 11 4 2 4 6 7 6 16 1 2 7 11 14 5 1 3 4 5 10 4 6 8 10 12 6 1 2 4 6 11 14
#fixture 10 7 16 4 7 9 10 12 15 6 3 5 7 8 9 10 7 0 5 7 8 9 12 14 7 0 1 7 10 11 12 15 5 0 2 4 9 14 4 4 10 11 13 6 16 6 7 9 10 11 6 1 3 5 8 14 15 5 4 6 12 14 15 7 5 6 8 11 12 13 15
#fixture 10 6 16 1 2 6 11 14 6 16 0 1 7 12 14 4 6 8 11 14 7 0 3 6 7 9 12 14 6 0 16 2 9 11 13 4 1 5 11 15 5 0 1 5 10 12 4 1 3 14 15 7 1 2 5 6 8 12 14 7 2 3 6 9 10 12 15
#fixture 10 7 0 16 6 8 11 14 15 4 10 11 12 13 6 1 2 3 7 13 14 7 0 1 3 7 8 10 13 4 0 4 12 15 6 0 3 5 9 12 15 4 16 1 4 5 6 2 6 8 11 12 14 5 4 6 10 12 13 4 4 11 13 14
#fixture 10 4 0 8 10 15 7 1 2 4 7 12 13 15 4 3 9 11 12 5 0 4 8 10 13 7 1 4 5 8 9 10 15 6 16 4 5 7 9 13 6 1 4 7 8 10 13 5 0 2 8 12 15 4 5 9 12 15 4 5 9 13 15
#fixture 10 7 0 2 3 4 6 8 13 5 16 1 3 5 12 5 1 2 3 9 10 5 0 16 1 6 13 4 2 3 6 9 4 2 4 5 15 6 2 3 5 7 10 13 5 3 4 6 10 11 5 3 5 7 10 14 7 2 3 4 6 7 8 10
#fixture 10 7 0 16 6 8 11 12 14 6 0 1 2 5 9 13 5 3 4 9 13 14 7 16 1 3 7 9 12 13 7 1 3 4 10 11 13 14 6 5 6 9 10 12 13 7 0 1 3 5 8 11 14 7 4 6 9 10 12 13 14 7 0 2 6 10 11 12 15 7 0 1 6 8 10 12 13
#fixtureTime 0 4
#fixtureTime 1 9
#fixtureTime 2 9
#fixtureTime 3 6
#fixtureTime 4 9
#fixtureTime 5 4
#fixtureTime 6 4
#fixtureTime 7 9
#fixtureTime 8 7
#fixtureTime 9 5
#fixtureTime 10 9
#fixtureTime 11 8
#fixtureTime 12 5
#fixtureTime 13 6
#fixtureTime 14 5
#fixtureTime 15 9
#fixtureTime 16 9
