15 8 7
#machine 8 1 0 6 2 0 6 6 9 2 5 7 2 1 2 3 2 6 5 3 0 8 2 9 7 9 3 1 3 3 8 2 2 2 4 5 5 7 2 5 1 3 7
#machine 7 1 5 1 2 5 1 3 7 1 0 6 2 5 7 2 1 3 1 3 3 8 2 2 1 5 2 1 6 2
#machine 6 1 5 1 3 1 3 3 8 2 2 3 2 2 6 1 3 4 2 3 2 6 5 2 0 7 2 7 2 3 4 2 1
#machine 5 1 6 2 1 0 6 2 0 6 6 9 2 5 7 2 1 2 3 5 4 7
#machine 7 1 6 2 2 0 6 6 9 2 3 4 2 1 3 0 8 2 9 7 9 2 0 7 2 7 3 1 3 3 8 2 2 2 3 5 4 7
#machine 9 1 5 2 2 3 4 2 1 3 2 2 6 1 3 4 2 5 1 3 7 2 3 5 4 7 3 0 8 2 9 7 9 2 0 7 2 7 1 5 1 2 0 6 6 9
#machine 5 2 4 5 5 7 2 0 7 2 7 2 5 1 3 7 1 5 2 2 5 7 2 1
#machine 6 2 3 5 4 7 2 4 5 5 7 3 1 3 3 8 2 2 1 5 2 1 5 1 2 0 6 6 9
#machine 9 1 0 6 2 0 6 6 9 2 3 4 2 1 3 0 8 2 9 7 9 2 3 2 6 5 2 5 1 3 7 1 6 2 2 0 7 2 7 3 1 3 3 8 2 2
#machine 5 2 4 5 5 7 1 0 6 1 6 2 2 3 5 4 7 2 0 6 6 9
#machine 4 3 0 8 2 9 7 9 1 0 6 3 1 3 3 8 2 2 2 3 2 6 5
#machine 6 2 3 2 6 5 1 5 1 1 0 6 2 0 7 2 7 3 0 8 2 9 7 9 1 6 2
#machine 4 1 5 2 2 5 7 2 1 2 5 1 3 7 2 4 5 5 7
#machine 3 2 4 5 5 7 1 5 1 2 3 2 6 5
#machine 6 2 3 5 4 7 1 6 2 3 0 8 2 9 7 9 3 1 3 3 8 2 2 3 2 2 6 1 3 4 1 0 6
#fixture 8 4 0 3 4 6 2 1 5 4 0 1 3 5 2 1 4 4 1 4 5 6 2 3 4 2 0 5 4 1 4 5 6
#fixture 7 4 0 2 3 4 2 0 5 3 0 4 5 4 3 4 5 6 2 1 3 4 0 2 3 4 4 0 2 3 6
#fixture 6 4 0 1 3 4 2 1 3 2 1 5 2 3 6 2 3 4 3 2 3 4
#fixture 5 2 3 4 2 0 1 4 0 1 3 4 3 3 4 6 2 4 6
#fixture 7 4 0 4 5 6 2 3 4 4 0 3 5 6 4 0 1 3 5 2 0 4 2 0 3 2 2 4
#fixture 9 4 1 2 4 6 4 0 1 3 4 2 5 6 4 2 3 4 6 4 1 2 5 6 3 1 3 5 2 2 4 3 0 3 5 4 0 1 4 6
#fixture 5 2 2 3 3 0 1 6 3 1 2 6 3 0 2 3 4 0 1 2 6
#fixture 6 3 0 2 5 2 1 5 4 0 2 3 6 3 0 4 5 3 1 5 6 2 1 4
#fixture 9 3 0 1 4 4 0 1 2 4 2 1 6 3 2 3 5 3 0 3 6 3 0 2 5 4 2 4 5 6 3 4 5 6 4 3 4 5 6
#fixture 5 3 1 5 6 3 0 1 6 4 0 1 2 6 3 1 4 5 3 3 4 5
#fixture 4 2 0 3 2 0 4 3 0 3 4 4 0 1 2 3
#fixture 6 4 0 1 3 6 4 0 1 3 5 4 2 4 5 6 2 4 6 2 1 3 2 5 6
#fixture 4 3 1 5 6 3 1 4 5 2 2 4 2 2 6
#fixture 3 4 0 2 4 5 4 1 3 5 6 2 3 5
#fixture 6 4 2 4 5 6 4 2 3 4 6 3 2 5 6 2 0 6 3 0 2 3 3 2 3 6
#fixtureTime 0 4
#fixtureTime 1 3
#fixtureTime 2 2
#fixtureTime 3 4
#fixtureTime 4 2
#fixtureTime 5 3
#fixtureTime 6 2
