15 4 13
#machine 6 2 2 5 1 7 2 0 8 3 8 2 0 6 1 5 1 2 7 2 3 5 1 6 2 3 5 0 5
#machine 5 1 2 7 2 0 6 1 5 1 3 6 2 3 5 1 6 2 0 8 1 6
#machine 8 2 3 7 2 9 2 2 5 1 7 2 3 5 0 5 2 0 8 3 8 2 0 6 1 5 1 3 6 2 0 8 1 6 2 3 9 2 6
#machine 7 2 3 5 0 5 2 3 7 2 9 2 0 8 3 8 1 3 8 2 0 8 1 6 2 3 5 1 6 1 3 6
#machine 6 2 2 7 0 5 2 3 6 1 7 2 3 7 2 9 1 2 8 2 2 5 1 7 2 0 8 1 6
#machine 9 1 3 6 2 3 5 1 6 1 2 8 2 2 7 0 5 2 3 6 1 7 1 3 8 2 0 8 1 6 2 0 8 3 8 2 3 5 0 5
#machine 5 1 2 8 2 3 7 2 9 2 0 6 1 5 2 3 6 1 7 1 2 7
#machine 8 2 2 7 0 5 1 2 8 2 3 7 2 9 2 3 5 0 5 1 2 7 1 3 8 2 3 9 2 6 2 0 6 1 5
#machine 9 2 2 5 1 7 1 3 8 2 3 5 1 6 2 0 6 1 5 1 3 6 2 0 8 3 9 2 0 8 3 8 2 0 8 1 6 1 2 7
#machine 9 2 0 8 1 6 2 0 8 3 8 2 0 8 3 9 2 3 9 2 6 2 0 6 1 5 1 2 8 1 2 7 1 3 6 2 3 5 1 6
#machine 7 2 0 8 1 6 2 0 8 3 8 2 0 6 1 5 1 2 7 1 3 6 1 2 8 2 3 9 2 6
#machine 6 1 3 8 1 2 7 2 3 7 2 9 2 0 6 1 5 1 2 8 2 0 8 3 8
#machine 7 1 3 8 2 3 9 2 6 2 0 8 3 8 2 3 6 1 7 2 3 6 1 7 2 0 8 1 6 2 2 7 0 5
#machine 7 2 0 6 1 5 2 2 7 0 5 2 0 8 3 8 2 0 8 1 6 2 3 5 0 5 2 3 6 1 7 1 3 6
#machine 7 1 2 8 2 0 8 3 9 2 3 9 2 6 1 2 7 2 3 5 1 6 2 0 8 1 6 2 0 6 1 5
#fixture 6 2 4 6 4 2 9 10 11 2 7 12 4 3 5 6 9 2 8 10 4 2 5 8 10
#fixture 5 3 0 6 8 3 1 4 11 2 2 9 4 0 2 3 12 4 1 8 10 12
#fixture 8 3 4 5 12 4 0 1 3 8 4 4 5 8 9 3 3 7 11 2 7 8 3 0 3 4 3 0 6 8 3 3 4 8
#fixture 7 4 2 3 4 6 3 1 5 12 4 2 7 9 10 4 3 8 9 12 2 6 9 4 5 8 9 12 4 0 1 8 10
#fixture 6 2 7 12 2 7 12 3 6 8 10 3 5 8 12 2 6 8 4 4 7 8 11
#fixture 9 2 3 12 4 2 8 9 11 4 1 2 5 6 3 0 3 11 4 3 4 9 11 3 6 8 12 2 0 12 4 0 1 5 12 3 6 9 11
#fixture 5 3 5 6 12 2 7 11 3 0 4 11 2 6 9 3 3 5 6
#fixture 8 4 1 4 6 10 2 5 8 3 6 10 12 4 1 2 9 10 3 1 2 7 3 4 6 7 3 1 7 8 2 6 9
#fixture 9 2 1 3 4 0 4 7 11 4 0 2 5 11 3 0 5 10 4 0 2 9 10 3 4 9 12 3 10 11 12 3 0 3 5 2 4 6
#fixture 9 3 2 6 11 4 1 3 6 9 3 0 6 10 2 6 9 2 6 10 4 0 1 9 11 3 3 5 9 4 0 2 6 11 2 4 8
#fixture 7 2 0 5 3 2 4 10 4 1 2 3 12 2 10 12 4 0 7 9 11 2 8 12 3 5 10 12
#fixture 6 2 2 3 2 2 11 3 4 6 7 2 7 8 4 4 5 6 12 4 0 3 7 11
#fixture 7 2 1 10 2 7 11 4 5 7 8 10 4 2 4 7 8 2 11 12 2 0 4 2 4 10
#fixture 7 2 4 11 3 1 4 12 2 5 6 4 1 3 5 11 2 5 12 2 5 11 3 1 2 5
#fixture 7 2 4 5 3 3 11 12 2 5 12 3 4 6 7 3 0 7 8 2 7 11 2 5 6
#fixtureTime 0 2
#fixtureTime 1 3
#fixtureTime 2 3
#fixtureTime 3 2
#fixtureTime 4 4
#fixtureTime 5 2
#fixtureTime 6 2
#fixtureTime 7 2
#fixtureTime 8 2
#fixtureTime 9 2
#fixtureTime 10 3
#fixtureTime 11 2
#fixtureTime 12 2
