15 4 23
#machine 6 2 2 5 1 7 2 0 8 3 8 2 0 6 1 5 1 2 7 2 3 5 1 6 2 3 5 0 5
#machine 5 1 2 7 2 0 6 1 5 1 3 6 2 3 5 1 6 2 0 8 1 6
#machine 8 2 3 7 2 9 2 2 5 1 7 2 3 5 0 5 2 0 8 3 8 2 0 6 1 5 1 3 6 2 0 8 1 6 2 3 9 2 6
#machine 7 2 3 5 0 5 2 3 7 2 9 2 0 8 3 8 1 3 8 2 0 8 1 6 2 3 5 1 6 1 3 6
#machine 6 2 2 7 0 5 2 3 6 1 7 2 3 7 2 9 1 2 8 2 2 5 1 7 2 0 8 1 6
#machine 9 1 3 6 2 3 5 1 6 1 2 8 2 2 7 0 5 2 3 6 1 7 1 3 8 2 0 8 1 6 2 0 8 3 8 2 3 5 0 5
#machine 5 1 2 8 2 3 7 2 9 2 0 6 1 5 2 3 6 1 7 1 2 7
#machine 8 2 2 7 0 5 1 2 8 2 3 7 2 9 2 3 5 0 5 1 2 7 1 3 8 2 3 9 2 6 2 0 6 1 5
#machine 9 2 2 5 1 7 1 3 8 2 3 5 1 6 2 0 6 1 5 1 3 6 2 0 8 3 9 2 0 8 3 8 2 0 8 1 6 1 2 7
#machine 9 2 0 8 1 6 2 0 8 3 8 2 0 8 3 9 2 3 9 2 6 2 0 6 1 5 1 2 8 1 2 7 1 3 6 2 3 5 1 6
#machine 7 2 0 8 1 6 2 0 8 3 8 2 0 6 1 5 1 2 7 1 3 6 1 2 8 2 3 9 2 6
#machine 6 1 3 8 1 2 7 2 3 7 2 9 2 0 6 1 5 1 2 8 2 0 8 3 8
#machine 7 1 3 8 2 3 9 2 6 2 0 8 3 8 2 3 6 1 7 2 3 6 1 7 2 0 8 1 6 2 2 7 0 5
#machine 7 2 0 6 1 5 2 2 7 0 5 2 0 8 3 8 2 0 8 1 6 2 3 5 0 5 2 3 6 1 7 1 3 6
#machine 7 1 2 8 2 0 8 3 9 2 3 9 2 6 1 2 7 2 3 5 1 6 2 0 8 1 6 2 0 6 1 5
#fixture 6 4 17 19 4 22 3 3 8 14 2 5 10 2 22 9 2 4 21 4 0 8 9 10
#fixture 5 4 16 2 5 7 4 18 2 6 7 3 2 5 9 4 1 17 2 3 3 0 20 12
#fixture 8 4 16 0 7 11 3 16 0 14 3 9 10 14 2 2 10 2 21 11 3 0 6 12 4 1 17 9 15 3 18 21 13
#fixture 7 2 14 15 4 19 21 22 7 4 3 20 6 15 4 19 4 20 10 3 17 18 6 3 0 20 6 4 4 21 7 10
#fixture 6 3 1 12 14 2 18 22 2 12 15 4 0 2 11 12 3 19 4 5 2 0 5
#fixture 9 2 1 4 3 20 6 15 3 1 9 11 4 18 3 20 6 3 1 21 9 3 6 8 12 3 22 10 13 3 21 5 15 2 11 13
#fixture 5 2 22 14 4 5 9 10 12 3 4 6 14 2 17 18 2 9 12
#fixture 8 4 16 19 20 9 2 0 1 2 2 9 3 16 12 14 3 8 10 12 2 16 14 4 0 1 18 6 3 4 22 11
#fixture 9 4 18 20 21 9 2 19 9 4 2 20 5 22 4 16 4 7 9 4 1 6 9 15 4 20 7 13 15 3 8 12 15 3 0 3 6 2 16 21
#fixture 9 2 20 8 3 16 3 8 2 2 11 4 16 4 22 8 3 4 7 8 2 17 7 2 18 7 3 2 5 12 3 18 21 9
#fixture 7 2 3 15 3 2 20 21 2 10 15 4 17 2 9 10 2 7 11 2 1 13 2 0 4
#fixture 6 3 16 20 12 3 16 6 7 2 21 8 4 3 21 8 9 2 17 13 2 4 13
#fixture 7 3 3 6 14 4 19 5 10 11 2 17 19 2 18 8 3 8 9 10 2 2 20 2 19 6
#fixture 7 4 1 18 3 21 3 0 3 13 4 18 20 7 10 2 20 8 2 11 12 3 0 3 9 4 0 16 1 5
#fixture 7 3 19 6 14 4 4 8 9 12 4 6 8 10 15 4 18 4 21 7 2 17 22 3 18 19 6 2 1 11
#fixtureTime 0 3
#fixtureTime 1 4
#fixtureTime 2 3
#fixtureTime 3 3
#fixtureTime 4 4
#fixtureTime 5 3
#fixtureTime 6 3
#fixtureTime 7 2
#fixtureTime 8 2
#fixtureTime 9 4
#fixtureTime 10 3
#fixtureTime 11 2
#fixtureTime 12 3
#fixtureTime 13 4
#fixtureTime 14 3
#fixtureTime 15 3
#fixtureTime 16 4
#fixtureTime 17 4
#fixtureTime 18 4
#fixtureTime 19 4
#fixtureTime 20 2
#fixtureTime 21 3
#fixtureTime 22 3
