15 4 9
#machine 6 2 2 5 1 7 2 0 8 3 8 2 0 6 1 5 1 2 7 2 3 5 1 6 2 3 5 0 5
#machine 5 1 2 7 2 0 6 1 5 1 3 6 2 3 5 1 6 2 0 8 1 6
#machine 8 2 3 7 2 9 2 2 5 1 7 2 3 5 0 5 2 0 8 3 8 2 0 6 1 5 1 3 6 2 0 8 1 6 2 3 9 2 6
#machine 7 2 3 5 0 5 2 3 7 2 9 2 0 8 3 8 1 3 8 2 0 8 1 6 2 3 5 1 6 1 3 6
#machine 6 2 2 7 0 5 2 3 6 1 7 2 3 7 2 9 1 2 8 2 2 5 1 7 2 0 8 1 6
#machine 9 1 3 6 2 3 5 1 6 1 2 8 2 2 7 0 5 2 3 6 1 7 1 3 8 2 0 8 1 6 2 0 8 3 8 2 3 5 0 5
#machine 5 1 2 8 2 3 7 2 9 2 0 6 1 5 2 3 6 1 7 1 2 7
#machine 8 2 2 7 0 5 1 2 8 2 3 7 2 9 2 3 5 0 5 1 2 7 1 3 8 2 3 9 2 6 2 0 6 1 5
#machine 9 2 2 5 1 7 1 3 8 2 3 5 1 6 2 0 6 1 5 1 3 6 2 0 8 3 9 2 0 8 3 8 2 0 8 1 6 1 2 7
#machine 9 2 0 8 1 6 2 0 8 3 8 2 0 8 3 9 2 3 9 2 6 2 0 6 1 5 1 2 8 1 2 7 1 3 6 2 3 5 1 6
#machine 7 2 0 8 1 6 2 0 8 3 8 2 0 6 1 5 1 2 7 1 3 6 1 2 8 2 3 9 2 6
#machine 6 1 3 8 1 2 7 2 3 7 2 9 2 0 6 1 5 1 2 8 2 0 8 3 8
#machine 7 1 3 8 2 3 9 2 6 2 0 8 3 8 2 3 6 1 7 2 3 6 1 7 2 0 8 1 6 2 2 7 0 5
#machine 7 2 0 6 1 5 2 2 7 0 5 2 0 8 3 8 2 0 8 1 6 2 3 5 0 5 2 3 6 1 7 1 3 6
#machine 7 1 2 8 2 0 8 3 9 2 3 9 2 6 1 2 7 2 3 5 1 6 2 0 8 1 6 2 0 6 1 5
#fixture 6 1 2 2 2 5 1 2 2 0 4 1 0 2 2 6
#fixture 5 2 5 6 1 7 2 1 4 1 1 2 4 7
#fixture 8 1 3 1 1 1 2 1 8 2 0 4 2 2 5 1 6 1 6
#fixture 7 2 2 4 2 0 1 1 4 2 2 7 1 3 2 2 7 1 5
#fixture 6 1 4 2 1 4 2 1 5 2 1 2 2 5 6 1 4
#fixture 9 2 4 6 1 8 2 1 2 1 4 2 1 3 1 6 1 0 1 7 2 4 5
#fixture 5 1 5 2 2 7 1 1 2 4 7 1 1
#fixture 8 1 6 1 0 2 0 6 2 4 6 2 4 7 2 3 4 1 7 1 5
#fixture 9 1 7 1 5 1 7 1 3 2 0 3 1 5 1 6 2 5 6 1 2
#fixture 9 2 1 3 2 4 5 1 1 2 2 8 2 0 4 2 4 5 2 5 7 1 4 1 5
#fixture 7 1 4 2 0 6 1 6 2 0 1 1 5 2 2 8 1 2
#fixture 6 1 4 1 3 2 3 8 1 0 2 3 5 1 6
#fixture 7 2 0 3 1 1 2 3 8 1 2 2 3 6 2 2 7 2 3 7
#fixture 7 1 8 2 3 4 1 8 1 2 1 1 2 1 5 1 1
#fixture 7 2 1 5 2 5 6 1 2 1 5 2 4 7 2 4 6 2 2 4
#fixtureTime 0 2
#fixtureTime 1 3
#fixtureTime 2 2
#fixtureTime 3 3
#fixtureTime 4 3
#fixtureTime 5 3
#fixtureTime 6 3
#fixtureTime 7 2
#fixtureTime 8 2
