10 10 13
#machine 15 4 1 8 5 3 6 2 8 5 2 8 7 0 2 5 6 4 0 4 8 1 1 7 9 4 2 0 1 7 2 3 6 5 2 8 4 8 5 0 3 7 8 1 5 2 8 9 9 3 4 6 0 1 5 2 5 1 5 0 9 8 1 4 7 3 6 2 9 6 0 2 2 6 9 4 6 2 3 8 6 2 5 1 1 4 8 3 2 0 8 2 7 3 9 2 7 9 3 5 3 6 5 2 7 8 3 3 8 4 4 8 0 1
#machine 15 5 0 3 7 8 1 5 2 8 9 9 5 6 4 0 4 8 1 1 7 9 4 3 4 6 0 1 5 2 5 1 1 4 8 3 2 0 8 2 7 2 3 8 6 2 2 9 6 0 2 3 9 2 7 9 3 5 2 6 9 4 6 3 6 5 2 7 8 3 3 6 5 2 8 4 8 3 8 4 4 8 0 1 2 8 7 0 2 2 0 1 7 2 4 1 8 5 3 6 2 8 5 5 1 5 0 9 8 1 4 7 3 6
#machine 15 2 0 1 7 2 2 6 9 4 6 2 9 6 0 2 2 3 8 6 2 5 1 1 4 8 3 2 0 8 2 7 3 8 4 4 8 0 1 2 8 7 0 2 3 6 5 2 7 8 3 5 6 4 0 4 8 1 1 7 9 4 4 1 8 5 3 6 2 8 5 5 0 3 7 8 1 5 2 8 9 9 3 9 2 7 9 3 5 5 1 5 0 9 8 1 4 7 3 6 3 4 6 0 1 5 2 3 6 5 2 8 4 8
#machine 15 3 4 6 0 1 5 2 5 1 5 0 9 8 1 4 7 3 6 5 0 3 7 8 1 5 2 8 9 9 5 1 1 4 8 3 2 0 8 2 7 2 3 8 6 2 2 9 6 0 2 3 6 5 2 8 4 8 2 8 7 0 2 3 6 5 2 7 8 3 3 8 4 4 8 0 1 4 1 8 5 3 6 2 8 5 2 0 1 7 2 5 6 4 0 4 8 1 1 7 9 4 2 6 9 4 6 3 9 2 7 9 3 5
#machine 15 3 9 2 7 9 3 5 2 0 1 7 2 3 8 4 4 8 0 1 2 8 7 0 2 3 6 5 2 8 4 8 5 1 1 4 8 3 2 0 8 2 7 3 4 6 0 1 5 2 3 6 5 2 7 8 3 4 1 8 5 3 6 2 8 5 2 9 6 0 2 5 6 4 0 4 8 1 1 7 9 4 2 6 9 4 6 5 1 5 0 9 8 1 4 7 3 6 5 0 3 7 8 1 5 2 8 9 9 2 3 8 6 2
#machine 15 3 6 5 2 8 4 8 5 0 3 7 8 1 5 2 8 9 9 2 6 9 4 6 3 4 6 0 1 5 2 5 1 5 0 9 8 1 4 7 3 6 2 3 8 6 2 2 8 7 0 2 5 1 1 4 8 3 2 0 8 2 7 5 6 4 0 4 8 1 1 7 9 4 4 1 8 5 3 6 2 8 5 2 0 1 7 2 3 6 5 2 7 8 3 2 9 6 0 2 3 8 4 4 8 0 1 3 9 2 7 9 3 5
#machine 15 3 4 6 0 1 5 2 3 9 2 7 9 3 5 3 6 5 2 8 4 8 5 0 3 7 8 1 5 2 8 9 9 2 0 1 7 2 2 8 7 0 2 5 1 1 4 8 3 2 0 8 2 7 3 6 5 2 7 8 3 5 6 4 0 4 8 1 1 7 9 4 3 8 4 4 8 0 1 2 9 6 0 2 4 1 8 5 3 6 2 8 5 2 6 9 4 6 2 3 8 6 2 5 1 5 0 9 8 1 4 7 3 6
#machine 15 5 6 4 0 4 8 1 1 7 9 4 3 6 5 2 7 8 3 3 6 5 2 8 4 8 2 0 1 7 2 3 4 6 0 1 5 2 5 1 5 0 9 8 1 4 7 3 6 3 9 2 7 9 3 5 3 8 4 4 8 0 1 2 8 7 0 2 4 1 8 5 3 6 2 8 5 5 0 3 7 8 1 5 2 8 9 9 2 3 8 6 2 2 9 6 0 2 5 1 1 4 8 3 2 0 8 2 7 2 6 9 4 6
#machine 15 4 1 8 5 3 6 2 8 5 3 8 4 4 8 0 1 3 6 5 2 8 4 8 5 6 4 0 4 8 1 1 7 9 4 5 1 1 4 8 3 2 0 8 2 7 2 3 8 6 2 2 8 7 0 2 3 9 2 7 9 3 5 5 0 3 7 8 1 5 2 8 9 9 2 9 6 0 2 5 1 5 0 9 8 1 4 7 3 6 3 6 5 2 7 8 3 2 6 9 4 6 2 0 1 7 2 3 4 6 0 1 5 2
#machine 15 2 0 1 7 2 4 1 8 5 3 6 2 8 5 3 9 2 7 9 3 5 3 6 5 2 8 4 8 3 6 5 2 7 8 3 2 9 6 0 2 2 6 9 4 6 3 8 4 4 8 0 1 5 6 4 0 4 8 1 1 7 9 4 5 1 5 0 9 8 1 4 7 3 6 5 0 3 7 8 1 5 2 8 9 9 3 4 6 0 1 5 2 5 1 1 4 8 3 2 0 8 2 7 2 3 8 6 2 2 8 7 0 2
#fixture 15 6 0 1 2 5 9 10 5 0 1 2 3 9 6 1 4 5 6 9 12 6 2 5 6 8 10 12 7 2 4 5 6 10 11 12 4 2 3 6 12 6 0 2 3 9 10 11 6 1 3 7 9 11 12 7 1 2 3 5 8 9 10 4 6 7 9 10 5 0 5 7 8 12 5 2 4 6 11 12 5 1 2 3 4 10 4 2 5 6 7 6 0 1 2 7 8 12
#fixture 15 6 0 1 4 5 10 12 5 0 1 2 7 11 5 1 2 3 7 10 7 0 1 3 6 8 9 12 4 1 3 7 9 4 2 3 5 8 6 0 1 2 7 8 10 7 0 2 5 7 9 10 11 7 0 2 3 5 7 8 10 5 2 3 4 5 10 4 1 4 7 9 6 0 1 3 5 7 10 4 0 2 7 8 5 1 4 5 8 11 6 1 2 3 4 5 9
#fixture 15 5 0 4 5 6 11 5 0 3 4 7 11 7 4 5 6 7 8 9 10 5 0 2 6 7 8 4 4 6 7 8 7 0 1 2 3 9 10 12 7 0 2 5 6 7 11 12 6 1 2 5 7 11 12 5 2 3 4 6 11 7 0 4 5 6 9 10 11 5 0 1 2 3 4 5 1 5 6 10 12 7 0 2 6 7 8 9 11 7 1 3 4 8 9 10 12 4 4 5 8 10
#fixture 15 7 0 3 4 8 10 11 12 6 1 2 4 6 8 12 7 1 3 4 5 6 7 11 4 0 2 5 9 4 3 9 11 12 7 0 3 6 7 9 10 12 4 0 2 3 9 5 0 4 8 9 11 7 2 4 6 7 9 11 12 6 0 1 2 5 6 8 7 0 1 3 4 6 8 11 5 1 5 7 9 10 4 0 4 7 9 5 2 3 5 9 12 4 3 4 9 12
#fixture 15 5 0 1 2 7 9 6 1 4 6 7 8 11 5 3 6 7 8 10 5 2 4 7 8 12 5 2 3 5 8 11 4 2 5 6 10 6 0 2 5 9 11 12 5 1 3 5 6 11 5 5 6 8 10 12 5 0 4 6 7 8 5 0 1 8 9 11 5 0 7 9 10 11 7 0 1 2 3 4 5 11 5 1 5 7 8 10 6 0 1 4 7 8 10
#fixture 15 4 0 4 7 9 5 3 4 7 9 11 6 3 6 7 8 9 11 6 0 2 3 4 8 10 5 0 1 10 11 12 5 0 4 5 9 10 7 3 6 7 8 9 10 12 6 1 3 4 6 7 9 7 0 4 5 8 9 10 12 7 0 3 5 6 7 9 12 4 1 4 6 7 5 0 3 7 9 11 4 0 5 6 7 5 2 3 4 10 11 7 0 1 3 5 7 9 11
#fixture 15 7 1 2 3 6 8 10 12 7 1 2 4 5 7 8 12 7 0 4 6 7 8 9 12 6 1 5 6 9 10 11 6 2 6 7 8 9 10 6 4 7 8 9 11 12 6 2 4 5 7 9 11 6 3 4 6 7 8 11 7 0 2 3 4 5 11 12 6 0 1 2 5 10 12 6 1 5 7 8 10 12 7 1 2 5 6 8 10 12 6 1 2 4 5 9 11 5 4 5 6 10 12 5 0 1 5 7 10
#fixture 15 4 5 8 9 10 6 1 2 3 6 7 11 7 0 1 2 3 6 8 12 4 4 5 7 9 7 0 2 4 6 7 9 12 6 1 5 6 8 10 12 7 2 3 4 5 7 10 12 6 3 4 6 8 10 12 4 0 2 6 7 7 1 4 5 6 9 10 11 4 5 6 9 12 7 0 1 4 6 9 10 12 4 2 5 6 9 7 0 1 2 4 7 8 10 7 2 3 4 7 10 11 12
#fixture 15 7 0 3 5 7 9 10 11 6 0 1 5 8 11 12 6 0 2 3 4 5 9 4 3 5 11 12 6 2 3 4 7 10 11 4 0 5 8 11 4 0 4 6 11 7 3 5 6 8 9 11 12 4 3 5 7 10 5 3 6 7 9 10 5 0 3 4 10 12 4 4 7 10 11 4 0 1 3 12 5 2 4 6 9 12 6 1 6 9 10 11 12
#fixture 15 7 4 5 6 8 9 11 12 7 1 4 5 6 7 8 11 4 7 8 9 12 7 0 1 2 5 6 10 11 5 1 6 8 9 11 5 0 1 6 9 12 4 1 6 7 12 5 1 4 6 8 11 6 0 2 3 8 9 10 7 1 2 4 5 7 9 10 5 2 7 8 9 10 5 0 1 3 6 8 6 1 6 7 10 11 12 6 2 3 4 6 7 12 7 1 2 5 6 9 11 12
#fixtureTime 0 3
#fixtureTime 1 2
#fixtureTime 2 3
#fixtureTime 3 3
#fixtureTime 4 3
#fixtureTime 5 3
#fixtureTime 6 3
#fixtureTime 7 3
#fixtureTime 8 2
#fixtureTime 9 3
#fixtureTime 10 4
#fixtureTime 11 4
#fixtureTime 12 4
