20 5 33
#machine 5 2 1 4 0 15 2 2 18 0 15 1 1 4 1 3 18 5 2 8 4 2 3 5 0 7 1 7
#machine 5 2 0 3 4 13 5 2 8 4 2 3 5 0 7 1 7 2 1 4 0 15 3 0 8 4 1 1 5 3 0 3 4 13 2 2
#machine 5 5 1 18 4 1 3 19 0 9 2 3 1 3 18 2 3 11 2 9 1 1 4 3 4 12 2 14 3 19
#machine 5 2 1 4 0 15 4 3 10 2 10 1 17 4 8 4 4 18 2 13 1 2 0 5 5 3 10 4 15 0 2 2 9 1 16 2 2 15 0 6
#machine 5 3 0 3 4 13 2 2 2 2 18 0 15 5 1 18 4 1 3 19 0 9 2 3 3 4 12 2 14 3 19 1 3 5
#machine 5 5 2 8 4 2 3 5 0 7 1 7 2 2 18 0 15 2 0 15 4 7 2 1 7 0 17 2 1 4 0 15
#machine 5 1 3 5 2 0 15 4 7 2 1 4 0 15 3 0 3 4 13 2 2 4 3 6 1 17 2 15 4 7
#machine 5 4 3 6 1 17 2 15 4 7 3 2 18 0 2 3 15 4 1 14 3 14 2 19 4 15 1 1 4 2 1 7 0 17
#machine 5 5 1 18 4 1 3 19 0 9 2 3 4 3 6 1 17 2 15 4 7 3 0 8 4 1 1 5 4 1 14 3 14 2 19 4 15 2 0 17 4 15
#machine 5 2 0 15 4 7 4 3 10 2 10 1 17 4 8 2 2 15 0 6 1 3 5 5 2 16 4 17 3 10 1 10 0 7
#machine 5 1 3 18 3 0 8 4 1 1 5 5 2 8 4 2 3 5 0 7 1 7 2 0 15 4 7 2 0 17 4 15
#machine 5 3 4 12 2 14 3 19 4 3 10 2 10 1 17 4 8 2 2 15 0 6 5 2 8 4 2 3 5 0 7 1 7 5 2 16 4 17 3 10 1 10 0 7
#machine 5 2 0 17 4 15 1 3 18 4 1 17 4 19 3 5 2 12 3 2 18 0 2 3 15 3 0 8 4 1 1 5
#machine 5 2 4 1 2 5 3 2 18 0 2 3 15 4 3 10 2 10 1 17 4 8 2 2 18 0 15 5 2 8 4 2 3 5 0 7 1 7
#machine 5 5 2 8 4 2 3 5 0 7 1 7 2 4 1 2 5 3 4 12 2 14 3 19 5 2 16 4 17 3 10 1 10 0 7 2 0 17 4 15
#machine 5 5 3 10 4 15 0 2 2 9 1 16 2 3 11 2 9 1 1 4 2 0 15 4 7 1 3 5
#machine 5 5 2 8 4 2 3 5 0 7 1 7 4 1 14 3 14 2 19 4 15 3 2 18 0 2 3 15 2 2 15 0 6 5 1 18 4 1 3 19 0 9 2 3
#machine 5 1 1 4 3 0 8 4 1 1 5 2 4 1 2 5 2 2 18 0 15 2 0 15 4 7
#machine 5 3 0 3 4 13 2 2 4 3 6 1 17 2 15 4 7 4 4 18 2 13 1 2 0 5 1 3 18 2 0 3 4 13
#machine 5 1 3 5 2 1 4 0 15 1 3 18 2 0 15 4 7 5 3 10 4 15 0 2 2 9 1 16
#fixture 5 3 3 12 13 3 18 21 31 3 20 6 28 6 16 20 5 27 11 12 4 32 17 6 15
#fixture 5 4 32 6 26 13 3 16 22 14 5 16 0 17 4 20 4 20 28 13 14 3 32 5 11
#fixture 5 3 5 6 24 4 32 1 8 13 6 17 3 6 24 28 14 3 1 3 6 3 6 23 25
#fixture 5 6 32 16 22 25 10 31 6 0 32 17 8 28 14 4 27 12 28 14 5 21 8 24 10 27 5 32 19 7 24 12
#fixture 5 3 16 2 8 6 19 25 26 27 12 14 3 3 24 13 3 1 2 12 5 1 17 9 26 15
#fixture 5 4 32 17 23 24 4 2 5 6 10 5 18 20 5 8 10 3 0 22 15 6 3 22 23 25 13 30
#fixture 5 4 4 21 22 12 3 1 4 20 3 0 4 30 6 17 2 4 5 22 14 5 32 5 21 8 11
#fixture 5 4 32 2 4 30 6 1 19 20 24 10 30 6 2 8 24 28 12 13 6 17 18 4 24 25 15 5 0 16 22 8 11
#fixture 5 6 18 20 4 24 9 15 4 0 3 14 15 6 32 21 22 24 8 14 6 6 22 24 25 28 13 4 4 24 25 30
#fixture 5 6 23 7 9 26 27 28 3 17 7 10 5 16 5 25 29 31 4 4 24 10 30 6 1 3 5 10 12 31
#fixture 5 5 19 5 7 26 11 4 18 19 9 11 6 0 32 24 9 26 10 3 4 14 31 5 16 0 24 25 28
#fixture 5 4 0 5 22 26 6 16 19 20 25 11 15 4 4 7 23 24 6 19 23 29 30 14 31 3 8 26 28
#fixture 5 5 18 5 23 11 30 3 9 26 13 6 0 19 4 27 14 31 4 17 10 12 13 4 0 3 13 15
#fixture 5 5 1 4 6 24 14 5 17 4 5 22 24 3 16 24 12 6 21 22 8 28 12 15 3 17 22 12
#fixture 5 4 20 21 13 29 5 0 18 19 7 28 3 17 4 29 5 1 7 10 12 13 5 18 3 20 9 27
#fixture 5 3 3 21 27 4 16 4 6 28 3 19 4 15 4 17 8 28 13 4 2 4 26 31
#fixture 5 5 0 18 20 23 27 4 16 22 10 13 4 19 23 26 12 6 17 18 6 24 25 29 5 20 23 8 14 31
#fixture 5 5 0 2 4 23 14 6 16 19 9 10 28 14 3 3 10 31 5 18 24 9 11 13 4 17 3 7 28
#fixture 5 4 4 20 5 28 6 3 21 25 10 15 31 3 19 12 15 6 1 18 21 12 30 15 6 3 21 23 28 29 13
#fixture 5 6 0 1 24 25 10 29 3 4 23 15 5 2 3 21 25 29 6 19 21 5 8 26 15 3 2 24 31
#fixtureTime 0 8
#fixtureTime 1 6
#fixtureTime 2 6
#fixtureTime 3 8
#fixtureTime 4 7
#fixtureTime 5 8
#fixtureTime 6 6
#fixtureTime 7 7
#fixtureTime 8 8
#fixtureTime 9 7
#fixtureTime 10 5
#fixtureTime 11 4
#fixtureTime 12 5
#fixtureTime 13 4
#fixtureTime 14 9
#fixtureTime 15 7
#fixtureTime 16 5
#fixtureTime 17 5
#fixtureTime 18 6
#fixtureTime 19 4
#fixtureTime 20 7
#fixtureTime 21 4
#fixtureTime 22 8
#fixtureTime 23 6
#fixtureTime 24 6
#fixtureTime 25 8
#fixtureTime 26 4
#fixtureTime 27 8
#fixtureTime 28 9
#fixtureTime 29 7
#fixtureTime 30 4
#fixtureTime 31 4
#fixtureTime 32 7
