20 5 12
#machine 5 2 1 4 0 15 2 2 18 0 15 1 1 4 1 3 18 5 2 8 4 2 3 5 0 7 1 7
#machine 5 2 0 3 4 13 5 2 8 4 2 3 5 0 7 1 7 2 1 4 0 15 3 0 8 4 1 1 5 3 0 3 4 13 2 2
#machine 5 5 1 18 4 1 3 19 0 9 2 3 1 3 18 2 3 11 2 9 1 1 4 3 4 12 2 14 3 19
#machine 5 2 1 4 0 15 4 3 10 2 10 1 17 4 8 4 4 18 2 13 1 2 0 5 5 3 10 4 15 0 2 2 9 1 16 2 2 15 0 6
#machine 5 3 0 3 4 13 2 2 2 2 18 0 15 5 1 18 4 1 3 19 0 9 2 3 3 4 12 2 14 3 19 1 3 5
#machine 5 5 2 8 4 2 3 5 0 7 1 7 2 2 18 0 15 2 0 15 4 7 2 1 7 0 17 2 1 4 0 15
#machine 5 1 3 5 2 0 15 4 7 2 1 4 0 15 3 0 3 4 13 2 2 4 3 6 1 17 2 15 4 7
#machine 5 4 3 6 1 17 2 15 4 7 3 2 18 0 2 3 15 4 1 14 3 14 2 19 4 15 1 1 4 2 1 7 0 17
#machine 5 5 1 18 4 1 3 19 0 9 2 3 4 3 6 1 17 2 15 4 7 3 0 8 4 1 1 5 4 1 14 3 14 2 19 4 15 2 0 17 4 15
#machine 5 2 0 15 4 7 4 3 10 2 10 1 17 4 8 2 2 15 0 6 1 3 5 5 2 16 4 17 3 10 1 10 0 7
#machine 5 1 3 18 3 0 8 4 1 1 5 5 2 8 4 2 3 5 0 7 1 7 2 0 15 4 7 2 0 17 4 15
#machine 5 3 4 12 2 14 3 19 4 3 10 2 10 1 17 4 8 2 2 15 0 6 5 2 8 4 2 3 5 0 7 1 7 5 2 16 4 17 3 10 1 10 0 7
#machine 5 2 0 17 4 15 1 3 18 4 1 17 4 19 3 5 2 12 3 2 18 0 2 3 15 3 0 8 4 1 1 5
#machine 5 2 4 1 2 5 3 2 18 0 2 3 15 4 3 10 2 10 1 17 4 8 2 2 18 0 15 5 2 8 4 2 3 5 0 7 1 7
#machine 5 5 2 8 4 2 3 5 0 7 1 7 2 4 1 2 5 3 4 12 2 14 3 19 5 2 16 4 17 3 10 1 10 0 7 2 0 17 4 15
#machine 5 5 3 10 4 15 0 2 2 9 1 16 2 3 11 2 9 1 1 4 2 0 15 4 7 1 3 5
#machine 5 5 2 8 4 2 3 5 0 7 1 7 4 1 14 3 14 2 19 4 15 3 2 18 0 2 3 15 2 2 15 0 6 5 1 18 4 1 3 19 0 9 2 3
#machine 5 1 1 4 3 0 8 4 1 1 5 2 4 1 2 5 2 2 18 0 15 2 0 15 4 7
#machine 5 3 0 3 4 13 2 2 4 3 6 1 17 2 15 4 7 4 4 18 2 13 1 2 0 5 1 3 18 2 0 3 4 13
#machine 5 1 3 5 2 1 4 0 15 1 3 18 2 0 15 4 7 5 3 10 4 15 0 2 2 9 1 16
#fixture 5 2 0 10 2 4 11 2 6 7 2 5 7 3 6 7 9
#fixture 5 2 1 3 2 3 10 2 7 8 3 2 7 9 2 0 6
#fixture 5 2 6 7 3 1 6 11 3 5 9 11 2 4 9 3 0 3 7
#fixture 5 2 5 7 3 6 9 11 2 3 7 2 0 3 2 8 9
#fixture 5 2 2 9 3 5 8 9 2 8 11 2 2 4 2 0 8
#fixture 5 2 6 10 3 4 5 8 3 1 6 7 2 2 4 3 2 3 10
#fixture 5 2 8 10 2 1 9 2 7 11 2 0 11 3 1 2 6
#fixture 5 3 2 6 8 2 6 10 2 7 11 3 0 5 11 3 0 2 4
#fixture 5 3 3 4 5 3 0 9 10 2 1 4 2 5 8 3 0 1 11
#fixture 5 3 1 3 7 3 0 4 11 2 4 10 2 3 6 3 2 6 10
#fixture 5 3 2 7 11 3 2 6 10 2 5 10 3 1 3 8 2 5 11
#fixture 5 3 0 5 10 3 2 4 7 3 6 8 11 3 1 8 9 2 9 10
#fixture 5 3 0 2 6 2 1 9 3 3 4 10 3 5 9 10 3 1 3 11
#fixture 5 3 0 2 10 3 2 5 10 2 1 6 3 0 2 11 2 3 7
#fixture 5 3 0 2 5 3 6 8 9 2 1 6 3 0 1 3 3 0 1 2
#fixture 5 2 6 7 3 3 4 7 2 1 9 2 2 9 3 7 8 10
#fixture 5 2 1 10 2 9 11 3 2 5 8 3 2 6 7 3 0 3 5
#fixture 5 3 0 5 8 3 3 8 9 3 3 5 11 3 1 3 9 3 0 4 11
#fixture 5 3 3 9 10 3 3 7 11 2 9 11 2 0 6 3 7 8 10
#fixture 5 2 1 8 2 4 9 2 9 11 2 3 5 3 7 8 11
#fixtureTime 0 5
#fixtureTime 1 4
#fixtureTime 2 4
#fixtureTime 3 9
#fixtureTime 4 6
#fixtureTime 5 4
#fixtureTime 6 9
#fixtureTime 7 5
#fixtureTime 8 7
#fixtureTime 9 7
#fixtureTime 10 5
#fixtureTime 11 8
