20 5 19
#machine 5 2 1 4 0 15 2 2 18 0 15 1 1 4 1 3 18 5 2 8 4 2 3 5 0 7 1 7
#machine 5 2 0 3 4 13 5 2 8 4 2 3 5 0 7 1 7 2 1 4 0 15 3 0 8 4 1 1 5 3 0 3 4 13 2 2
#machine 5 5 1 18 4 1 3 19 0 9 2 3 1 3 18 2 3 11 2 9 1 1 4 3 4 12 2 14 3 19
#machine 5 2 1 4 0 15 4 3 10 2 10 1 17 4 8 4 4 18 2 13 1 2 0 5 5 3 10 4 15 0 2 2 9 1 16 2 2 15 0 6
#machine 5 3 0 3 4 13 2 2 2 2 18 0 15 5 1 18 4 1 3 19 0 9 2 3 3 4 12 2 14 3 19 1 3 5
#machine 5 5 2 8 4 2 3 5 0 7 1 7 2 2 18 0 15 2 0 15 4 7 2 1 7 0 17 2 1 4 0 15
#machine 5 1 3 5 2 0 15 4 7 2 1 4 0 15 3 0 3 4 13 2 2 4 3 6 1 17 2 15 4 7
#machine 5 4 3 6 1 17 2 15 4 7 3 2 18 0 2 3 15 4 1 14 3 14 2 19 4 15 1 1 4 2 1 7 0 17
#machine 5 5 1 18 4 1 3 19 0 9 2 3 4 3 6 1 17 2 15 4 7 3 0 8 4 1 1 5 4 1 14 3 14 2 19 4 15 2 0 17 4 15
#machine 5 2 0 15 4 7 4 3 10 2 10 1 17 4 8 2 2 15 0 6 1 3 5 5 2 16 4 17 3 10 1 10 0 7
#machine 5 1 3 18 3 0 8 4 1 1 5 5 2 8 4 2 3 5 0 7 1 7 2 0 15 4 7 2 0 17 4 15
#machine 5 3 4 12 2 14 3 19 4 3 10 2 10 1 17 4 8 2 2 15 0 6 5 2 8 4 2 3 5 0 7 1 7 5 2 16 4 17 3 10 1 10 0 7
#machine 5 2 0 17 4 15 1 3 18 4 1 17 4 19 3 5 2 12 3 2 18 0 2 3 15 3 0 8 4 1 1 5
#machine 5 2 4 1 2 5 3 2 18 0 2 3 15 4 3 10 2 10 1 17 4 8 2 2 18 0 15 5 2 8 4 2 3 5 0 7 1 7
#machine 5 5 2 8 4 2 3 5 0 7 1 7 2 4 1 2 5 3 4 12 2 14 3 19 5 2 16 4 17 3 10 1 10 0 7 2 0 17 4 15
#machine 5 5 3 10 4 15 0 2 2 9 1 16 2 3 11 2 9 1 1 4 2 0 15 4 7 1 3 5
#machine 5 5 2 8 4 2 3 5 0 7 1 7 4 1 14 3 14 2 19 4 15 3 2 18 0 2 3 15 2 2 15 0 6 5 1 18 4 1 3 19 0 9 2 3
#machine 5 1 1 4 3 0 8 4 1 1 5 2 4 1 2 5 2 2 18 0 15 2 0 15 4 7
#machine 5 3 0 3 4 13 2 2 4 3 6 1 17 2 15 4 7 4 4 18 2 13 1 2 0 5 1 3 18 2 0 3 4 13
#machine 5 1 3 5 2 1 4 0 15 1 3 18 2 0 15 4 7 5 3 10 4 15 0 2 2 9 1 16
#fixture 5 5 0 18 6 7 11 6 0 16 17 7 12 13 3 18 2 7 5 16 2 18 6 9 4 1 3 12 14
#fixture 5 4 18 4 6 7 5 4 7 10 13 14 4 16 4 9 11 5 0 1 2 3 15 3 9 10 15
#fixture 5 4 4 5 7 12 4 5 7 12 15 3 3 5 9 4 5 8 9 13 6 5 6 7 8 11 12
#fixture 5 5 0 1 7 10 11 5 17 1 3 7 12 6 16 4 5 8 9 12 4 16 5 9 15 6 16 0 17 2 3 15
#fixture 5 4 18 4 12 15 6 5 7 9 11 12 15 6 1 2 3 5 9 15 3 2 9 13 5 17 5 7 9 15
#fixture 5 3 0 16 9 4 0 1 2 10 6 0 2 8 9 10 12 3 16 2 8 3 16 17 18
#fixture 5 5 16 6 12 13 14 6 0 8 9 10 12 15 5 1 2 6 8 9 4 0 17 2 15 3 2 12 15
#fixture 5 3 7 9 12 5 16 6 7 10 14 3 18 3 10 3 18 5 6 6 1 3 6 7 12 13
#fixture 5 6 0 1 2 10 12 14 3 0 13 14 5 2 4 5 10 12 6 0 18 6 9 11 14 4 3 9 11 14
#fixture 5 6 18 4 7 8 11 14 5 0 18 10 12 14 5 16 17 6 8 12 5 17 1 3 8 11 4 16 0 9 12
#fixture 5 5 16 18 4 7 13 4 0 4 6 10 4 16 17 3 6 6 17 18 6 7 12 14 6 4 5 6 7 10 15
#fixture 5 4 16 18 8 12 5 16 3 6 9 10 3 6 8 9 6 16 4 6 11 12 13 5 16 17 18 6 13
#fixture 5 4 0 17 18 12 6 17 2 5 6 10 14 3 1 7 9 5 18 3 7 10 14 6 3 5 8 9 11 14
#fixture 5 3 1 4 6 3 17 18 15 3 0 3 15 6 0 2 9 10 12 13 3 16 7 10
#fixture 5 3 3 6 11 3 3 11 12 5 16 17 1 6 14 4 1 4 7 13 3 16 17 14
#fixture 5 6 0 17 1 6 10 14 4 1 2 4 7 6 2 3 5 6 7 8 3 17 5 8 4 0 1 6 7
#fixture 5 4 0 2 11 15 5 6 9 10 12 14 6 0 16 18 6 8 15 6 18 9 10 13 14 15 6 1 6 7 8 10 13
#fixture 5 3 2 5 7 3 16 11 13 6 17 4 6 8 9 11 3 17 7 11 3 6 11 15
#fixture 5 3 16 3 7 6 1 4 5 7 13 14 3 4 7 13 4 1 6 12 14 6 17 18 8 11 13 14
#fixture 5 5 16 17 18 6 8 3 18 10 14 4 0 6 11 12 5 0 1 8 9 11 5 2 3 4 7 13
#fixtureTime 0 9
#fixtureTime 1 8
#fixtureTime 2 4
#fixtureTime 3 6
#fixtureTime 4 8
#fixtureTime 5 5
#fixtureTime 6 7
#fixtureTime 7 5
#fixtureTime 8 9
#fixtureTime 9 5
#fixtureTime 10 7
#fixtureTime 11 6
#fixtureTime 12 5
#fixtureTime 13 8
#fixtureTime 14 8
#fixtureTime 15 4
#fixtureTime 16 6
#fixtureTime 17 9
#fixtureTime 18 8
