20 10 10
#machine 10 2 6 18 3 5 2 4 7 6 7 1 2 19 1 6 14 2 3 5 9 12 1 0 10 1 9 18 2 6 10 7 19 2 2 11 7 9 2 2 5 7 12
#machine 12 1 1 5 2 6 18 3 5 2 2 5 7 12 1 0 10 1 9 19 2 2 15 3 19 1 6 14 1 4 9 2 4 14 8 5 1 0 19 2 6 10 7 19 1 0 16
#machine 14 2 4 14 8 5 1 0 19 1 0 10 1 2 19 2 6 18 3 5 2 3 5 9 12 2 2 5 7 12 1 9 10 1 4 9 1 0 7 2 6 10 7 19 1 0 10 1 9 19 1 9 18
#machine 10 1 9 10 2 4 7 6 7 1 6 14 1 0 10 1 9 18 2 2 15 6 13 2 9 14 4 7 2 2 11 7 9 1 8 11 1 4 9
#machine 12 1 4 9 2 4 14 8 5 2 6 18 3 5 2 2 11 7 9 1 0 10 1 8 11 1 0 7 1 6 14 2 3 5 9 12 2 2 15 3 19 1 7 18 1 9 19
#machine 10 2 2 15 6 13 1 2 19 1 4 9 1 9 19 2 2 5 7 12 2 6 18 3 5 2 7 14 9 9 2 3 5 9 12 1 9 18 1 0 7
#machine 12 1 0 10 1 9 18 1 0 7 1 4 9 2 7 14 9 9 2 6 10 7 19 2 2 15 3 19 2 9 14 4 7 1 7 18 1 9 19 1 0 19 1 0 10
#machine 11 1 0 10 1 6 14 1 0 10 2 2 15 3 19 2 4 14 8 5 2 6 18 3 5 1 2 19 1 0 19 2 3 5 9 12 1 4 9 1 9 19
#machine 14 2 6 10 7 19 2 7 14 9 9 1 0 19 1 9 19 2 9 14 4 7 1 1 5 2 3 5 9 12 2 4 7 6 7 1 0 16 1 0 7 1 8 11 1 2 19 1 0 10 1 9 18
#machine 11 1 9 19 2 9 14 4 7 1 7 18 2 2 11 7 9 1 0 7 1 0 10 2 4 14 8 5 2 2 15 3 19 1 9 18 1 2 19 1 0 19
#machine 11 2 4 14 8 5 1 0 10 1 7 18 2 2 15 3 19 2 6 10 7 19 2 2 5 7 12 2 2 11 7 9 2 7 14 9 9 1 9 10 1 8 11 1 2 19
#machine 10 1 9 19 2 2 11 7 9 2 4 7 6 7 1 0 16 1 6 14 2 6 18 3 5 2 3 5 9 12 1 0 10 1 7 18 2 4 14 8 5
#machine 11 2 9 14 4 7 1 9 19 2 6 10 7 19 2 2 15 3 19 1 0 19 1 7 18 2 7 14 9 9 2 2 11 7 9 1 9 18 2 4 14 8 5 1 1 5
#machine 11 1 0 10 2 4 7 6 7 1 0 10 1 8 11 1 6 14 2 2 15 6 13 2 7 14 9 9 1 0 16 2 2 5 7 12 2 4 14 8 5 1 1 5
#machine 11 2 4 14 8 5 2 4 7 6 7 1 6 14 1 9 10 2 6 10 7 19 2 2 15 3 19 2 6 18 3 5 1 0 7 2 2 11 7 9 1 0 19 1 7 18
#machine 11 1 1 5 2 6 10 7 19 1 9 10 1 8 11 1 7 18 2 9 14 4 7 2 4 14 8 5 1 0 10 1 0 19 2 2 15 6 13 2 7 14 9 9
#machine 13 1 9 10 2 4 14 8 5 1 4 9 1 9 19 1 0 10 2 2 5 7 12 1 1 5 2 9 14 4 7 1 0 10 2 7 14 9 9 2 2 15 6 13 1 0 16 1 6 14
#machine 11 2 2 15 6 13 1 1 5 1 9 19 1 2 19 1 7 18 1 0 7 1 4 9 1 6 14 2 6 18 3 5 1 0 10 2 4 14 8 5
#machine 10 2 6 10 7 19 1 1 5 2 2 11 7 9 1 8 11 2 3 5 9 12 1 9 18 2 6 18 3 5 2 7 14 9 9 2 2 5 7 12 1 9 19
#machine 10 1 9 18 1 9 10 1 6 14 1 8 11 2 2 15 6 13 1 1 5 2 7 14 9 9 2 2 5 7 12 1 4 9 1 0 16
#fixture 10 2 2 5 1 3 2 2 4 2 2 5 2 4 8 1 8 1 5 1 7 2 5 7 2 3 4
#fixture 12 1 1 2 4 6 1 2 1 1 1 7 2 3 7 1 3 1 0 2 4 5 2 6 8 2 3 9 1 4
#fixture 14 2 5 9 1 4 1 3 1 1 2 2 5 2 0 4 2 0 1 1 8 1 6 2 0 3 2 1 8 1 6 1 1 1 2
#fixture 10 2 4 5 2 0 9 2 3 9 2 3 8 1 3 2 2 8 2 2 4 2 4 7 2 0 3 1 4
#fixture 12 2 1 4 1 7 2 1 9 1 7 1 3 2 0 9 2 0 7 1 7 2 2 4 2 0 5 1 0 1 9
#fixture 10 2 5 6 2 0 9 2 0 2 2 1 8 1 7 1 3 2 1 6 2 2 8 1 4 1 5
#fixture 12 2 2 6 2 1 8 1 5 1 0 1 7 2 2 3 2 0 1 2 3 5 2 3 8 1 3 1 5 2 0 4
#fixture 11 1 9 2 0 3 1 5 2 2 8 2 2 7 2 0 1 2 1 3 1 1 2 4 7 2 2 5 1 0
#fixture 14 1 9 2 1 5 2 2 6 1 8 2 5 7 2 7 9 2 3 4 2 0 9 1 9 2 2 4 2 2 9 1 7 1 5 2 3 7
#fixture 11 2 7 9 1 9 2 1 9 1 6 1 6 2 3 6 1 9 1 7 1 5 2 7 9 2 0 8
#fixture 11 2 3 8 2 5 7 2 1 6 1 2 1 4 1 7 2 4 9 1 0 1 5 2 0 9 2 4 6
#fixture 10 2 3 4 1 5 1 4 1 0 2 7 9 2 1 4 2 0 3 1 0 2 3 5 2 0 1
#fixture 11 1 0 2 7 8 2 6 8 1 8 2 1 3 2 3 9 1 7 1 7 2 3 8 1 4 2 6 8
#fixture 11 1 0 2 0 8 1 6 1 4 1 7 1 8 2 3 9 2 6 9 1 1 2 3 7 1 9
#fixture 11 2 1 3 2 2 7 2 7 8 1 1 2 0 3 2 1 5 2 8 9 1 9 2 1 5 2 5 7 1 1
#fixture 11 2 4 6 2 0 3 2 2 9 1 4 2 1 5 1 8 1 3 2 0 8 1 8 1 7 2 6 8
#fixture 13 1 1 2 6 9 1 6 2 1 6 2 2 6 2 5 6 2 6 9 1 2 2 5 6 1 7 2 0 4 2 4 9 1 0
#fixture 11 1 2 1 6 1 5 1 9 2 1 5 2 2 5 1 3 2 3 9 1 7 2 6 8 2 7 9
#fixture 10 2 4 7 2 7 9 1 2 1 7 2 3 4 1 7 1 4 2 6 9 1 5 2 2 5
#fixture 10 2 6 9 2 3 5 1 6 1 1 1 9 1 4 2 5 6 2 5 8 1 7 2 0 2
#fixtureTime 0 9
#fixtureTime 1 4
#fixtureTime 2 6
#fixtureTime 3 6
#fixtureTime 4 4
#fixtureTime 5 6
#fixtureTime 6 8
#fixtureTime 7 6
#fixtureTime 8 4
#fixtureTime 9 4
