20 10 19
#machine 10 2 6 18 3 5 2 4 7 6 7 1 2 19 1 6 14 2 3 5 9 12 1 0 10 1 9 18 2 6 10 7 19 2 2 11 7 9 2 2 5 7 12
#machine 12 1 1 5 2 6 18 3 5 2 2 5 7 12 1 0 10 1 9 19 2 2 15 3 19 1 6 14 1 4 9 2 4 14 8 5 1 0 19 2 6 10 7 19 1 0 16
#machine 14 2 4 14 8 5 1 0 19 1 0 10 1 2 19 2 6 18 3 5 2 3 5 9 12 2 2 5 7 12 1 9 10 1 4 9 1 0 7 2 6 10 7 19 1 0 10 1 9 19 1 9 18
#machine 10 1 9 10 2 4 7 6 7 1 6 14 1 0 10 1 9 18 2 2 15 6 13 2 9 14 4 7 2 2 11 7 9 1 8 11 1 4 9
#machine 12 1 4 9 2 4 14 8 5 2 6 18 3 5 2 2 11 7 9 1 0 10 1 8 11 1 0 7 1 6 14 2 3 5 9 12 2 2 15 3 19 1 7 18 1 9 19
#machine 10 2 2 15 6 13 1 2 19 1 4 9 1 9 19 2 2 5 7 12 2 6 18 3 5 2 7 14 9 9 2 3 5 9 12 1 9 18 1 0 7
#machine 12 1 0 10 1 9 18 1 0 7 1 4 9 2 7 14 9 9 2 6 10 7 19 2 2 15 3 19 2 9 14 4 7 1 7 18 1 9 19 1 0 19 1 0 10
#machine 11 1 0 10 1 6 14 1 0 10 2 2 15 3 19 2 4 14 8 5 2 6 18 3 5 1 2 19 1 0 19 2 3 5 9 12 1 4 9 1 9 19
#machine 14 2 6 10 7 19 2 7 14 9 9 1 0 19 1 9 19 2 9 14 4 7 1 1 5 2 3 5 9 12 2 4 7 6 7 1 0 16 1 0 7 1 8 11 1 2 19 1 0 10 1 9 18
#machine 11 1 9 19 2 9 14 4 7 1 7 18 2 2 11 7 9 1 0 7 1 0 10 2 4 14 8 5 2 2 15 3 19 1 9 18 1 2 19 1 0 19
#machine 11 2 4 14 8 5 1 0 10 1 7 18 2 2 15 3 19 2 6 10 7 19 2 2 5 7 12 2 2 11 7 9 2 7 14 9 9 1 9 10 1 8 11 1 2 19
#machine 10 1 9 19 2 2 11 7 9 2 4 7 6 7 1 0 16 1 6 14 2 6 18 3 5 2 3 5 9 12 1 0 10 1 7 18 2 4 14 8 5
#machine 11 2 9 14 4 7 1 9 19 2 6 10 7 19 2 2 15 3 19 1 0 19 1 7 18 2 7 14 9 9 2 2 11 7 9 1 9 18 2 4 14 8 5 1 1 5
#machine 11 1 0 10 2 4 7 6 7 1 0 10 1 8 11 1 6 14 2 2 15 6 13 2 7 14 9 9 1 0 16 2 2 5 7 12 2 4 14 8 5 1 1 5
#machine 11 2 4 14 8 5 2 4 7 6 7 1 6 14 1 9 10 2 6 10 7 19 2 2 15 3 19 2 6 18 3 5 1 0 7 2 2 11 7 9 1 0 19 1 7 18
#machine 11 1 1 5 2 6 10 7 19 1 9 10 1 8 11 1 7 18 2 9 14 4 7 2 4 14 8 5 1 0 10 1 0 19 2 2 15 6 13 2 7 14 9 9
#machine 13 1 9 10 2 4 14 8 5 1 4 9 1 9 19 1 0 10 2 2 5 7 12 1 1 5 2 9 14 4 7 1 0 10 2 7 14 9 9 2 2 15 6 13 1 0 16 1 6 14
#machine 11 2 2 15 6 13 1 1 5 1 9 19 1 2 19 1 7 18 1 0 7 1 4 9 1 6 14 2 6 18 3 5 1 0 10 2 4 14 8 5
#machine 10 2 6 10 7 19 1 1 5 2 2 11 7 9 1 8 11 2 3 5 9 12 1 9 18 2 6 18 3 5 2 7 14 9 9 2 2 5 7 12 1 9 19
#machine 10 1 9 18 1 9 10 1 6 14 1 8 11 2 2 15 6 13 1 1 5 2 7 14 9 9 2 2 5 7 12 1 4 9 1 0 16
#fixture 10 3 18 3 15 3 16 12 13 3 1 2 8 3 16 5 13 2 3 15 2 1 8 3 0 2 3 3 11 13 14 3 5 12 15 2 17 14
#fixture 12 3 3 6 8 2 17 13 2 18 9 2 2 5 3 4 6 10 2 3 8 2 2 7 3 6 12 13 2 12 13 3 1 6 10 2 0 15 3 2 5 10
#fixture 14 2 9 14 2 16 11 3 3 4 8 2 16 3 2 5 9 2 0 15 3 6 7 14 2 6 8 2 10 15 3 2 7 14 3 2 3 15 3 4 6 10 2 12 15 2 18 5
#fixture 10 2 4 10 2 17 3 3 5 6 10 2 12 13 3 3 4 15 3 4 8 9 2 17 11 3 4 9 11 3 3 4 7 3 17 12 14
#fixture 12 2 6 7 2 3 5 2 17 10 3 2 12 15 2 0 17 3 17 1 13 3 18 2 9 2 17 10 2 18 12 3 17 4 14 2 3 12 3 1 18 6
#fixture 10 3 0 3 13 3 12 13 14 3 17 12 13 2 18 11 3 17 10 14 3 1 3 5 3 17 13 15 2 0 8 2 12 15 2 8 10
#fixture 12 2 11 12 3 0 18 11 2 16 8 2 18 11 2 7 12 3 0 1 8 2 16 10 2 1 9 3 16 2 6 2 3 8 2 3 5 3 0 3 9
#fixture 11 2 3 10 3 18 4 5 3 1 18 7 3 6 14 15 2 12 13 2 1 13 3 6 7 8 2 8 15 3 0 18 5 3 18 6 9 3 4 5 8
#fixture 14 2 7 13 2 16 2 2 2 13 2 17 5 3 0 16 15 3 5 8 14 3 16 17 13 3 0 17 7 2 18 9 2 6 11 2 16 13 2 4 13 2 3 13 3 2 8 14
#fixture 11 2 1 10 2 8 15 3 18 3 4 3 7 8 10 2 2 18 2 1 8 3 6 8 10 2 1 7 3 16 8 14 3 1 4 15 3 4 6 11
#fixture 11 2 1 7 3 1 3 13 2 0 7 2 4 13 3 0 1 11 2 2 6 3 4 7 12 3 2 6 10 2 16 18 3 16 8 13 2 4 13
#fixture 10 2 17 3 2 4 14 2 3 9 3 1 4 12 2 1 8 3 5 10 12 2 16 14 3 1 5 7 2 2 9 2 6 9
#fixture 11 2 6 12 2 18 11 3 0 17 7 3 7 10 12 2 16 11 3 8 11 13 3 1 12 15 3 0 1 14 3 4 7 8 2 17 13 2 8 10
#fixture 11 2 17 6 3 16 4 5 3 18 14 15 2 4 11 3 3 6 9 3 16 1 10 2 2 11 3 17 3 13 2 10 12 2 1 10 2 9 12
#fixture 11 3 16 5 9 3 16 3 8 3 18 11 14 2 17 13 2 16 8 2 11 13 2 3 11 2 16 13 2 17 13 3 1 2 9 3 16 6 13
#fixture 11 2 1 10 2 4 13 2 16 18 2 3 6 3 4 7 13 2 3 13 2 8 15 2 5 6 3 17 9 13 2 8 12 2 12 14
#fixture 13 2 8 11 2 10 15 3 6 11 12 2 6 12 2 9 14 3 5 10 11 2 8 15 3 0 16 10 3 8 10 12 3 3 5 13 2 17 8 2 16 11 2 7 9
#fixture 11 2 3 15 2 2 9 2 6 14 2 1 9 2 2 5 3 1 18 13 3 8 9 14 2 18 9 3 18 6 14 3 1 8 11 3 3 8 15
#fixture 10 2 3 6 3 8 12 14 3 18 6 8 3 16 17 11 2 12 15 2 0 15 3 18 6 8 2 2 3 3 17 3 4 3 7 12 14
#fixture 10 2 18 8 3 16 4 15 3 16 1 7 2 0 8 2 17 18 2 0 9 2 16 10 3 0 1 9 2 17 2 2 18 10
#fixtureTime 0 4
#fixtureTime 1 8
#fixtureTime 2 8
#fixtureTime 3 8
#fixtureTime 4 9
#fixtureTime 5 4
#fixtureTime 6 7
#fixtureTime 7 9
#fixtureTime 8 4
#fixtureTime 9 5
#fixtureTime 10 5
#fixtureTime 11 6
#fixtureTime 12 6
#fixtureTime 13 9
#fixtureTime 14 7
#fixtureTime 15 5
#fixtureTime 16 9
#fixtureTime 17 8
#fixtureTime 18 4
