20 10 27
#machine 10 2 6 18 3 5 2 4 7 6 7 1 2 19 1 6 14 2 3 5 9 12 1 0 10 1 9 18 2 6 10 7 19 2 2 11 7 9 2 2 5 7 12
#machine 12 1 1 5 2 6 18 3 5 2 2 5 7 12 1 0 10 1 9 19 2 2 15 3 19 1 6 14 1 4 9 2 4 14 8 5 1 0 19 2 6 10 7 19 1 0 16
#machine 14 2 4 14 8 5 1 0 19 1 0 10 1 2 19 2 6 18 3 5 2 3 5 9 12 2 2 5 7 12 1 9 10 1 4 9 1 0 7 2 6 10 7 19 1 0 10 1 9 19 1 9 18
#machine 10 1 9 10 2 4 7 6 7 1 6 14 1 0 10 1 9 18 2 2 15 6 13 2 9 14 4 7 2 2 11 7 9 1 8 11 1 4 9
#machine 12 1 4 9 2 4 14 8 5 2 6 18 3 5 2 2 11 7 9 1 0 10 1 8 11 1 0 7 1 6 14 2 3 5 9 12 2 2 15 3 19 1 7 18 1 9 19
#machine 10 2 2 15 6 13 1 2 19 1 4 9 1 9 19 2 2 5 7 12 2 6 18 3 5 2 7 14 9 9 2 3 5 9 12 1 9 18 1 0 7
#machine 12 1 0 10 1 9 18 1 0 7 1 4 9 2 7 14 9 9 2 6 10 7 19 2 2 15 3 19 2 9 14 4 7 1 7 18 1 9 19 1 0 19 1 0 10
#machine 11 1 0 10 1 6 14 1 0 10 2 2 15 3 19 2 4 14 8 5 2 6 18 3 5 1 2 19 1 0 19 2 3 5 9 12 1 4 9 1 9 19
#machine 14 2 6 10 7 19 2 7 14 9 9 1 0 19 1 9 19 2 9 14 4 7 1 1 5 2 3 5 9 12 2 4 7 6 7 1 0 16 1 0 7 1 8 11 1 2 19 1 0 10 1 9 18
#machine 11 1 9 19 2 9 14 4 7 1 7 18 2 2 11 7 9 1 0 7 1 0 10 2 4 14 8 5 2 2 15 3 19 1 9 18 1 2 19 1 0 19
#machine 11 2 4 14 8 5 1 0 10 1 7 18 2 2 15 3 19 2 6 10 7 19 2 2 5 7 12 2 2 11 7 9 2 7 14 9 9 1 9 10 1 8 11 1 2 19
#machine 10 1 9 19 2 2 11 7 9 2 4 7 6 7 1 0 16 1 6 14 2 6 18 3 5 2 3 5 9 12 1 0 10 1 7 18 2 4 14 8 5
#machine 11 2 9 14 4 7 1 9 19 2 6 10 7 19 2 2 15 3 19 1 0 19 1 7 18 2 7 14 9 9 2 2 11 7 9 1 9 18 2 4 14 8 5 1 1 5
#machine 11 1 0 10 2 4 7 6 7 1 0 10 1 8 11 1 6 14 2 2 15 6 13 2 7 14 9 9 1 0 16 2 2 5 7 12 2 4 14 8 5 1 1 5
#machine 11 2 4 14 8 5 2 4 7 6 7 1 6 14 1 9 10 2 6 10 7 19 2 2 15 3 19 2 6 18 3 5 1 0 7 2 2 11 7 9 1 0 19 1 7 18
#machine 11 1 1 5 2 6 10 7 19 1 9 10 1 8 11 1 7 18 2 9 14 4 7 2 4 14 8 5 1 0 10 1 0 19 2 2 15 6 13 2 7 14 9 9
#machine 13 1 9 10 2 4 14 8 5 1 4 9 1 9 19 1 0 10 2 2 5 7 12 1 1 5 2 9 14 4 7 1 0 10 2 7 14 9 9 2 2 15 6 13 1 0 16 1 6 14
#machine 11 2 2 15 6 13 1 1 5 1 9 19 1 2 19 1 7 18 1 0 7 1 4 9 1 6 14 2 6 18 3 5 1 0 10 2 4 14 8 5
#machine 10 2 6 10 7 19 1 1 5 2 2 11 7 9 1 8 11 2 3 5 9 12 1 9 18 2 6 18 3 5 2 7 14 9 9 2 2 5 7 12 1 9 19
#machine 10 1 9 18 1 9 10 1 6 14 1 8 11 2 2 15 6 13 1 1 5 2 7 14 9 9 2 2 5 7 12 1 4 9 1 0 16
#fixture 10 2 18 13 2 18 22 2 3 5 2 4 15 2 5 11 3 4 25 12 2 5 14 3 0 6 8 3 16 19 20 2 5 15
#fixture 12 3 17 3 7 2 3 4 2 19 20 2 7 13 2 6 23 2 0 10 3 2 9 13 2 6 13 2 0 23 3 17 19 11 2 16 24 2 0 20
#fixture 14 3 18 9 15 3 16 1 7 2 21 13 3 16 9 15 3 6 7 13 3 0 23 12 2 3 10 2 19 10 3 0 8 13 2 0 7 3 17 4 23 2 17 15 2 25 13 2 6 7
#fixture 10 3 2 20 4 2 2 5 2 19 23 3 23 9 10 3 1 7 10 3 18 4 6 3 20 11 12 3 16 21 8 3 1 20 7 2 3 22
#fixture 12 2 19 15 3 20 25 15 3 3 21 11 2 2 10 2 9 10 2 0 16 3 4 6 25 2 6 23 3 9 11 12 3 17 23 15 2 7 26 3 17 6 24
#fixture 10 2 17 11 3 16 19 12 2 2 5 2 4 24 2 16 25 3 16 9 12 2 4 24 3 21 22 8 2 5 12 2 6 8
#fixture 12 3 22 23 12 3 21 6 8 3 18 20 11 3 18 21 12 2 21 9 3 17 3 24 3 18 5 9 3 22 25 13 3 0 16 25 3 17 4 15 2 5 13 2 13 14
#fixture 11 2 0 7 2 16 8 3 20 5 26 2 4 5 3 9 10 11 2 17 24 2 21 24 3 2 24 8 3 17 4 7 2 16 13 2 19 20
#fixture 14 3 1 20 14 3 18 2 6 2 5 23 2 4 23 2 0 5 2 16 17 3 23 14 15 2 21 6 3 16 6 26 2 0 12 3 1 21 23 2 22 9 2 20 10 2 1 20
#fixture 11 3 7 26 12 2 18 5 3 17 3 14 3 1 8 9 2 0 11 3 19 7 10 3 1 23 9 3 16 1 9 2 3 8 2 1 7 3 23 26 14
#fixture 11 2 14 15 3 19 21 15 3 2 22 12 2 4 23 3 2 6 26 2 19 13 2 0 6 2 23 8 3 17 2 19 3 20 26 13 3 20 5 13
#fixture 10 3 4 21 26 3 17 8 24 3 18 6 14 2 12 14 3 21 22 6 2 17 26 2 22 13 3 0 5 6 2 0 9 3 5 11 12
#fixture 11 3 1 23 10 2 1 24 3 0 1 3 3 1 21 11 2 9 14 3 6 7 13 2 25 13 2 16 10 2 17 26 2 0 15 2 6 24
#fixture 11 3 22 7 10 3 0 16 1 3 16 3 22 2 0 11 3 1 18 23 3 2 8 25 2 16 6 2 4 11 2 2 22 2 22 24 3 21 8 11
#fixture 11 2 6 26 2 18 24 2 17 24 3 20 10 15 2 22 8 3 0 2 6 2 8 14 3 17 23 8 2 18 22 2 3 11 2 19 25
#fixture 11 3 3 24 25 2 1 13 3 1 4 7 3 3 25 26 3 3 5 15 2 25 13 2 11 13 3 5 6 26 2 18 7 3 3 22 13 2 0 23
#fixture 13 2 11 14 3 22 26 13 3 20 25 15 2 4 10 3 5 23 15 3 22 7 13 3 0 2 9 3 7 24 14 2 5 22 2 4 9 3 9 11 15 2 24 12 3 0 6 15
#fixture 11 2 3 23 3 18 20 25 2 2 24 3 17 5 7 2 22 25 2 3 9 2 17 14 3 26 13 14 3 19 20 9 2 19 15 2 18 4
#fixture 10 2 0 18 2 4 5 2 17 14 2 3 24 3 18 3 9 2 17 10 3 0 23 26 3 16 23 15 2 26 14 3 19 22 8
#fixture 10 3 18 4 13 3 1 7 24 2 1 17 3 19 22 13 2 16 18 2 11 13 2 4 25 2 16 0 3 5 23 8 3 0 6 9
#fixtureTime 0 8
#fixtureTime 1 7
#fixtureTime 2 9
#fixtureTime 3 4
#fixtureTime 4 8
#fixtureTime 5 4
#fixtureTime 6 7
#fixtureTime 7 7
#fixtureTime 8 4
#fixtureTime 9 7
#fixtureTime 10 6
#fixtureTime 11 9
#fixtureTime 12 6
#fixtureTime 13 4
#fixtureTime 14 5
#fixtureTime 15 9
#fixtureTime 16 6
#fixtureTime 17 9
#fixtureTime 18 4
#fixtureTime 19 6
#fixtureTime 20 9
#fixtureTime 21 8
#fixtureTime 22 8
#fixtureTime 23 6
#fixtureTime 24 6
#fixtureTime 25 7
#fixtureTime 26 6
