20 10 17
#machine 12 2 1 10 0 11 1 7 17 1 7 14 1 0 10 2 1 16 9 18 2 8 6 1 12 4 6 9 3 11 2 10 0 16 2 4 19 0 7 1 8 11 1 3 16 1 1 5 5 6 9 8 9 3 6 7 14 5 16
#machine 13 1 7 17 2 4 6 3 11 2 1 10 0 11 2 4 9 7 8 2 1 16 2 11 4 0 8 4 14 9 15 5 12 4 5 10 7 15 6 5 1 8 2 4 19 0 7 4 6 9 3 11 2 10 0 16 1 0 10 4 0 16 2 11 6 17 3 7 1 3 16 4 2 11 4 8 6 11 8 17
#machine 11 4 5 10 7 15 6 5 1 8 2 4 9 7 8 2 1 16 9 18 2 1 10 0 11 5 6 9 8 9 3 6 7 14 5 16 1 3 16 2 4 19 0 7 1 0 10 2 4 6 3 11 2 1 16 2 11 1 2 14
#machine 11 4 0 8 4 14 9 15 5 12 2 4 19 0 7 4 3 11 7 16 8 15 0 6 1 7 14 1 3 16 1 7 17 4 0 16 2 11 6 17 3 7 4 9 6 7 13 4 5 1 8 1 2 14 4 6 9 3 11 2 10 0 16 1 0 10
#machine 14 1 7 17 1 3 16 1 4 9 4 9 6 7 13 4 5 1 8 4 0 16 2 11 6 17 3 7 2 1 16 9 18 4 5 10 7 15 6 5 1 8 1 7 14 2 4 6 3 11 4 1 5 6 13 9 10 4 11 5 6 9 8 9 3 6 7 14 5 16 2 4 9 7 8 4 0 8 4 14 9 15 5 12 2 4 19 0 7
#machine 11 4 1 5 6 13 9 10 4 11 2 1 16 9 18 1 0 10 1 2 14 1 4 9 5 6 9 8 9 3 6 7 14 5 16 1 7 17 1 7 14 1 1 5 4 5 10 7 15 6 5 1 8 4 3 11 7 16 8 15 0 6
#machine 14 1 7 14 1 7 17 2 4 9 7 8 1 3 16 1 0 10 4 1 5 6 13 9 10 4 11 1 1 5 2 4 6 3 11 5 6 9 8 9 3 6 7 14 5 16 4 3 11 7 16 8 15 0 6 5 1 8 0 19 7 13 5 14 9 18 4 5 10 7 15 6 5 1 8 4 0 16 2 11 6 17 3 7 2 1 16 9 18
#machine 13 1 0 10 4 9 6 7 13 4 5 1 8 1 4 9 4 6 9 3 11 2 10 0 16 1 8 11 4 1 5 6 13 9 10 4 11 4 5 10 7 15 6 5 1 8 1 1 5 5 1 8 0 19 7 13 5 14 9 18 5 6 9 8 9 3 6 7 14 5 16 2 1 10 0 11 4 0 16 2 11 6 17 3 7 2 4 6 3 11
#machine 11 1 7 17 1 1 5 1 0 10 1 3 16 2 4 6 3 11 4 6 9 3 11 2 10 0 16 5 1 8 0 19 7 13 5 14 9 18 1 8 11 2 8 6 1 12 2 1 10 0 11 2 4 9 7 8
#machine 12 1 3 16 4 3 11 7 16 8 15 0 6 1 2 14 4 1 5 6 13 9 10 4 11 1 8 11 5 6 9 8 9 3 6 7 14 5 16 2 4 6 3 11 4 0 16 2 11 6 17 3 7 2 1 10 0 11 2 1 16 2 11 4 0 8 4 14 9 15 5 12 1 0 10
#machine 10 1 8 11 1 4 9 5 1 8 0 19 7 13 5 14 9 18 1 3 16 4 3 11 7 16 8 15 0 6 2 4 9 7 8 4 6 9 3 11 2 10 0 16 1 2 14 1 0 10 4 0 16 2 11 6 17 3 7
#machine 11 4 9 6 7 13 4 5 1 8 4 3 11 7 16 8 15 0 6 1 3 16 2 8 6 1 12 4 5 10 7 15 6 5 1 8 4 6 9 3 11 2 10 0 16 1 1 5 1 7 14 5 6 9 8 9 3 6 7 14 5 16 2 4 6 3 11 2 1 16 9 18
#machine 11 1 1 5 1 2 14 2 8 6 1 12 1 4 9 4 1 5 6 13 9 10 4 11 4 0 16 2 11 6 17 3 7 2 1 10 0 11 1 7 17 2 4 19 0 7 1 0 10 4 6 9 3 11 2 10 0 16
#machine 10 4 2 11 4 8 6 11 8 17 1 0 10 2 1 16 9 18 2 1 10 0 11 4 5 10 7 15 6 5 1 8 4 3 11 7 16 8 15 0 6 1 3 16 4 0 16 2 11 6 17 3 7 4 6 9 3 11 2 10 0 16 2 1 16 2 11
#machine 12 1 0 10 4 3 11 7 16 8 15 0 6 4 1 5 6 13 9 10 4 11 5 1 8 0 19 7 13 5 14 9 18 2 4 6 3 11 2 8 6 1 12 1 1 5 4 9 6 7 13 4 5 1 8 1 3 16 2 1 16 2 11 2 1 10 0 11 4 5 10 7 15 6 5 1 8
#machine 14 1 7 17 4 3 11 7 16 8 15 0 6 1 2 14 2 8 6 1 12 1 7 14 4 5 10 7 15 6 5 1 8 4 6 9 3 11 2 10 0 16 4 1 5 6 13 9 10 4 11 4 0 8 4 14 9 15 5 12 2 1 10 0 11 1 3 16 4 2 11 4 8 6 11 8 17 2 4 19 0 7 4 9 6 7 13 4 5 1 8
#machine 13 5 1 8 0 19 7 13 5 14 9 18 1 8 11 4 6 9 3 11 2 10 0 16 1 7 17 4 9 6 7 13 4 5 1 8 2 4 6 3 11 1 0 10 4 5 10 7 15 6 5 1 8 2 1 10 0 11 2 1 16 9 18 4 0 16 2 11 6 17 3 7 1 2 14 2 4 19 0 7
#machine 11 5 1 8 0 19 7 13 5 14 9 18 5 6 9 8 9 3 6 7 14 5 16 2 4 6 3 11 4 9 6 7 13 4 5 1 8 1 2 14 4 2 11 4 8 6 11 8 17 1 8 11 2 1 10 0 11 4 1 5 6 13 9 10 4 11 1 7 14 4 0 8 4 14 9 15 5 12
#machine 13 1 2 14 2 1 10 0 11 4 6 9 3 11 2 10 0 16 2 1 16 9 18 2 1 16 2 11 4 3 11 7 16 8 15 0 6 4 0 16 2 11 6 17 3 7 4 1 5 6 13 9 10 4 11 4 9 6 7 13 4 5 1 8 2 4 9 7 8 1 1 5 4 5 10 7 15 6 5 1 8 1 4 9
#machine 13 4 0 16 2 11 6 17 3 7 4 1 5 6 13 9 10 4 11 4 5 10 7 15 6 5 1 8 1 2 14 2 4 6 3 11 4 3 11 7 16 8 15 0 6 1 4 9 1 0 10 1 7 17 2 8 6 1 12 5 1 8 0 19 7 13 5 14 9 18 2 1 16 2 11 2 1 16 9 18
#fixture 12 3 4 5 12 2 16 5 2 12 15 3 6 10 14 3 16 5 6 3 0 13 15 2 6 8 2 7 13 2 6 10 2 13 14 2 3 5 3 4 9 14
#fixture 13 3 0 11 13 3 16 1 6 3 5 7 14 2 9 13 3 8 10 11 2 7 8 2 6 11 3 6 9 13 2 10 13 2 0 6 3 4 10 11 3 2 8 13 3 0 5 8
#fixture 11 2 0 6 3 16 4 14 2 11 15 2 0 14 3 2 12 15 2 7 8 3 2 3 12 2 4 7 3 2 4 14 3 6 14 15 2 0 14
#fixture 11 3 1 2 11 3 3 4 10 2 10 15 2 4 9 3 16 7 14 3 6 11 12 2 3 14 2 8 12 2 3 9 3 1 3 4 3 6 13 14
#fixture 14 2 2 5 3 4 9 12 3 5 9 11 3 1 5 14 3 4 12 15 2 13 15 3 0 1 14 3 16 5 8 2 6 13 2 0 8 2 8 10 2 6 12 3 7 8 14 2 2 4
#fixture 11 3 8 11 12 2 5 12 2 8 14 3 1 3 4 2 3 5 2 8 12 3 4 5 11 3 8 9 13 2 5 10 2 4 15 3 0 8 15
#fixture 14 3 16 1 7 2 10 15 2 2 7 3 10 11 14 2 4 9 3 16 5 7 3 1 9 10 2 9 14 2 16 4 2 6 9 2 5 8 2 0 6 2 8 10 3 6 11 12
#fixture 13 3 1 10 12 3 0 4 15 2 14 15 2 11 15 2 10 12 2 16 11 3 16 5 7 2 3 14 3 6 7 13 3 0 5 11 2 10 15 3 4 5 10 3 16 1 10
#fixture 11 2 8 15 2 3 8 3 16 1 4 2 12 14 2 1 11 3 0 9 12 2 1 8 2 5 13 3 3 9 14 2 0 4 2 3 14
#fixture 12 2 16 12 3 4 10 12 3 16 0 2 2 11 14 3 16 10 13 2 6 8 2 16 7 2 7 10 2 9 11 3 16 8 15 3 16 1 8 3 16 13 14
#fixture 10 2 2 11 2 3 10 3 3 10 15 3 16 0 3 3 2 8 12 3 0 10 12 2 5 12 2 2 14 3 1 4 10 2 16 1
#fixture 11 2 0 7 3 0 16 6 2 2 4 2 5 14 3 9 13 14 3 11 12 14 2 8 12 2 0 4 2 5 14 3 1 13 14 3 1 6 12
#fixture 11 2 2 12 3 7 11 12 3 0 8 15 2 8 13 3 8 10 11 3 16 6 13 2 1 5 3 1 5 6 2 16 14 2 0 12 2 5 14
#fixture 10 2 3 8 2 2 12 2 8 9 2 3 4 2 3 10 2 6 15 3 3 10 15 3 2 12 15 2 1 8 3 16 3 7
#fixture 12 3 2 3 12 2 0 5 2 1 12 3 1 2 4 3 1 12 13 3 1 3 8 3 3 5 11 3 4 5 15 2 16 8 2 4 9 3 1 6 13 3 16 6 8
#fixture 14 2 11 15 2 2 4 3 5 10 12 2 5 8 3 16 2 10 2 16 13 2 6 8 3 4 5 13 2 7 8 2 16 6 3 8 13 15 2 0 4 3 4 11 14 3 5 9 15
#fixture 13 3 1 8 12 2 4 8 3 16 4 15 2 2 9 2 8 14 2 6 14 3 6 12 13 2 16 7 2 3 14 2 0 1 2 11 12 3 1 10 11 3 1 7 10
#fixture 11 3 2 8 9 3 16 4 15 3 0 2 11 2 4 13 3 2 5 11 3 1 6 7 2 14 15 3 0 7 14 2 4 8 2 4 11 2 6 13
#fixture 13 3 16 7 9 2 1 3 2 16 6 2 2 14 2 5 8 3 10 13 15 2 3 5 3 16 5 13 3 7 8 14 2 5 10 3 7 9 11 3 3 5 14 2 4 12
#fixture 13 2 2 13 3 4 5 8 2 2 12 3 16 4 10 3 2 7 9 2 7 11 3 4 5 15 2 0 11 2 7 15 3 16 6 15 2 13 14 2 6 14 2 10 15
#fixtureTime 0 5
#fixtureTime 1 6
#fixtureTime 2 9
#fixtureTime 3 9
#fixtureTime 4 6
#fixtureTime 5 9
#fixtureTime 6 8
#fixtureTime 7 4
#fixtureTime 8 5
#fixtureTime 9 8
#fixtureTime 10 5
#fixtureTime 11 6
#fixtureTime 12 8
#fixtureTime 13 9
#fixtureTime 14 8
#fixtureTime 15 7
#fixtureTime 16 4
