20 10 20
#machine 12 2 1 10 0 11 1 7 17 1 7 14 1 0 10 2 1 16 9 18 2 8 6 1 12 4 6 9 3 11 2 10 0 16 2 4 19 0 7 1 8 11 1 3 16 1 1 5 5 6 9 8 9 3 6 7 14 5 16
#machine 13 1 7 17 2 4 6 3 11 2 1 10 0 11 2 4 9 7 8 2 1 16 2 11 4 0 8 4 14 9 15 5 12 4 5 10 7 15 6 5 1 8 2 4 19 0 7 4 6 9 3 11 2 10 0 16 1 0 10 4 0 16 2 11 6 17 3 7 1 3 16 4 2 11 4 8 6 11 8 17
#machine 11 4 5 10 7 15 6 5 1 8 2 4 9 7 8 2 1 16 9 18 2 1 10 0 11 5 6 9 8 9 3 6 7 14 5 16 1 3 16 2 4 19 0 7 1 0 10 2 4 6 3 11 2 1 16 2 11 1 2 14
#machine 11 4 0 8 4 14 9 15 5 12 2 4 19 0 7 4 3 11 7 16 8 15 0 6 1 7 14 1 3 16 1 7 17 4 0 16 2 11 6 17 3 7 4 9 6 7 13 4 5 1 8 1 2 14 4 6 9 3 11 2 10 0 16 1 0 10
#machine 14 1 7 17 1 3 16 1 4 9 4 9 6 7 13 4 5 1 8 4 0 16 2 11 6 17 3 7 2 1 16 9 18 4 5 10 7 15 6 5 1 8 1 7 14 2 4 6 3 11 4 1 5 6 13 9 10 4 11 5 6 9 8 9 3 6 7 14 5 16 2 4 9 7 8 4 0 8 4 14 9 15 5 12 2 4 19 0 7
#machine 11 4 1 5 6 13 9 10 4 11 2 1 16 9 18 1 0 10 1 2 14 1 4 9 5 6 9 8 9 3 6 7 14 5 16 1 7 17 1 7 14 1 1 5 4 5 10 7 15 6 5 1 8 4 3 11 7 16 8 15 0 6
#machine 14 1 7 14 1 7 17 2 4 9 7 8 1 3 16 1 0 10 4 1 5 6 13 9 10 4 11 1 1 5 2 4 6 3 11 5 6 9 8 9 3 6 7 14 5 16 4 3 11 7 16 8 15 0 6 5 1 8 0 19 7 13 5 14 9 18 4 5 10 7 15 6 5 1 8 4 0 16 2 11 6 17 3 7 2 1 16 9 18
#machine 13 1 0 10 4 9 6 7 13 4 5 1 8 1 4 9 4 6 9 3 11 2 10 0 16 1 8 11 4 1 5 6 13 9 10 4 11 4 5 10 7 15 6 5 1 8 1 1 5 5 1 8 0 19 7 13 5 14 9 18 5 6 9 8 9 3 6 7 14 5 16 2 1 10 0 11 4 0 16 2 11 6 17 3 7 2 4 6 3 11
#machine 11 1 7 17 1 1 5 1 0 10 1 3 16 2 4 6 3 11 4 6 9 3 11 2 10 0 16 5 1 8 0 19 7 13 5 14 9 18 1 8 11 2 8 6 1 12 2 1 10 0 11 2 4 9 7 8
#machine 12 1 3 16 4 3 11 7 16 8 15 0 6 1 2 14 4 1 5 6 13 9 10 4 11 1 8 11 5 6 9 8 9 3 6 7 14 5 16 2 4 6 3 11 4 0 16 2 11 6 17 3 7 2 1 10 0 11 2 1 16 2 11 4 0 8 4 14 9 15 5 12 1 0 10
#machine 10 1 8 11 1 4 9 5 1 8 0 19 7 13 5 14 9 18 1 3 16 4 3 11 7 16 8 15 0 6 2 4 9 7 8 4 6 9 3 11 2 10 0 16 1 2 14 1 0 10 4 0 16 2 11 6 17 3 7
#machine 11 4 9 6 7 13 4 5 1 8 4 3 11 7 16 8 15 0 6 1 3 16 2 8 6 1 12 4 5 10 7 15 6 5 1 8 4 6 9 3 11 2 10 0 16 1 1 5 1 7 14 5 6 9 8 9 3 6 7 14 5 16 2 4 6 3 11 2 1 16 9 18
#machine 11 1 1 5 1 2 14 2 8 6 1 12 1 4 9 4 1 5 6 13 9 10 4 11 4 0 16 2 11 6 17 3 7 2 1 10 0 11 1 7 17 2 4 19 0 7 1 0 10 4 6 9 3 11 2 10 0 16
#machine 10 4 2 11 4 8 6 11 8 17 1 0 10 2 1 16 9 18 2 1 10 0 11 4 5 10 7 15 6 5 1 8 4 3 11 7 16 8 15 0 6 1 3 16 4 0 16 2 11 6 17 3 7 4 6 9 3 11 2 10 0 16 2 1 16 2 11
#machine 12 1 0 10 4 3 11 7 16 8 15 0 6 4 1 5 6 13 9 10 4 11 5 1 8 0 19 7 13 5 14 9 18 2 4 6 3 11 2 8 6 1 12 1 1 5 4 9 6 7 13 4 5 1 8 1 3 16 2 1 16 2 11 2 1 10 0 11 4 5 10 7 15 6 5 1 8
#machine 14 1 7 17 4 3 11 7 16 8 15 0 6 1 2 14 2 8 6 1 12 1 7 14 4 5 10 7 15 6 5 1 8 4 6 9 3 11 2 10 0 16 4 1 5 6 13 9 10 4 11 4 0 8 4 14 9 15 5 12 2 1 10 0 11 1 3 16 4 2 11 4 8 6 11 8 17 2 4 19 0 7 4 9 6 7 13 4 5 1 8
#machine 13 5 1 8 0 19 7 13 5 14 9 18 1 8 11 4 6 9 3 11 2 10 0 16 1 7 17 4 9 6 7 13 4 5 1 8 2 4 6 3 11 1 0 10 4 5 10 7 15 6 5 1 8 2 1 10 0 11 2 1 16 9 18 4 0 16 2 11 6 17 3 7 1 2 14 2 4 19 0 7
#machine 11 5 1 8 0 19 7 13 5 14 9 18 5 6 9 8 9 3 6 7 14 5 16 2 4 6 3 11 4 9 6 7 13 4 5 1 8 1 2 14 4 2 11 4 8 6 11 8 17 1 8 11 2 1 10 0 11 4 1 5 6 13 9 10 4 11 1 7 14 4 0 8 4 14 9 15 5 12
#machine 13 1 2 14 2 1 10 0 11 4 6 9 3 11 2 10 0 16 2 1 16 9 18 2 1 16 2 11 4 3 11 7 16 8 15 0 6 4 0 16 2 11 6 17 3 7 4 1 5 6 13 9 10 4 11 4 9 6 7 13 4 5 1 8 2 4 9 7 8 1 1 5 4 5 10 7 15 6 5 1 8 1 4 9
#machine 13 4 0 16 2 11 6 17 3 7 4 1 5 6 13 9 10 4 11 4 5 10 7 15 6 5 1 8 1 2 14 2 4 6 3 11 4 3 11 7 16 8 15 0 6 1 4 9 1 0 10 1 7 17 2 8 6 1 12 5 1 8 0 19 7 13 5 14 9 18 2 1 16 2 11 2 1 16 9 18
#fixture 12 6 2 3 6 9 14 15 5 16 4 8 10 11 4 17 19 11 12 4 16 1 7 14 3 16 13 15 5 18 6 7 12 13 3 3 4 6 6 16 17 2 6 9 10 5 17 1 2 10 13 6 0 18 5 8 9 11 5 19 3 5 6 15 5 1 3 11 14 15
#fixture 13 6 16 19 6 10 11 12 5 1 18 6 8 13 5 1 17 19 9 10 3 19 12 15 6 16 3 5 6 7 8 6 0 1 18 3 10 14 5 17 2 6 11 14 3 16 8 9 5 3 5 13 14 15 4 0 18 11 14 5 19 5 9 11 15 6 0 7 9 11 12 14 6 0 2 4 6 9 15
#fixture 11 3 18 7 9 4 0 3 9 15 5 0 16 3 19 4 3 16 1 19 6 0 1 18 3 4 14 4 18 8 10 11 5 4 6 7 8 15 6 3 6 7 9 13 14 4 17 2 6 11 3 19 3 8 6 5 6 7 8 11 15
#fixture 11 6 16 1 17 19 8 13 4 0 3 4 8 3 3 8 9 4 2 19 3 11 3 3 19 9 6 0 17 1 6 10 14 6 16 0 11 12 13 14 6 0 1 4 8 9 15 4 1 4 5 7 4 17 2 5 12 6 16 3 4 8 10 11
#fixture 14 3 0 10 12 3 3 10 12 5 17 19 5 10 15 3 3 5 14 4 0 1 4 5 4 17 1 8 9 6 1 4 7 10 13 14 3 0 2 8 5 16 5 7 11 14 4 18 19 8 12 3 18 7 10 5 0 17 18 8 10 5 18 19 7 13 14 3 1 5 10
#fixture 11 3 4 8 12 3 1 2 13 3 4 12 14 3 12 13 14 5 18 19 11 13 14 6 16 19 3 4 10 12 5 18 6 8 10 13 5 0 16 1 3 15 4 0 8 11 12 3 19 14 15 4 7 9 10 12
#fixture 14 4 1 6 11 13 6 16 17 3 6 12 13 6 17 19 5 6 9 15 3 16 13 14 4 1 4 13 14 6 3 19 8 9 11 15 5 16 17 2 18 8 4 3 6 8 9 5 0 19 3 5 14 4 5 7 11 14 6 0 9 10 12 13 15 3 3 6 9 3 16 1 4 6 0 16 1 18 2 5
#fixture 13 6 16 0 1 19 6 14 5 16 18 6 11 12 6 16 2 3 6 10 13 6 18 19 4 7 11 14 6 1 17 8 9 12 15 6 0 2 19 4 10 14 4 1 19 3 5 4 1 2 7 12 6 0 2 4 8 9 13 5 3 9 10 12 13 5 0 2 19 3 11 5 16 19 3 11 14 3 16 7 15
#fixture 11 6 18 19 4 6 12 13 3 8 11 15 4 19 8 10 13 4 18 3 9 13 4 3 7 8 9 5 3 19 7 13 14 5 16 18 11 13 15 4 0 3 9 13 3 16 0 8 4 0 1 13 15 4 2 3 9 15
#fixture 12 5 16 1 9 10 15 3 16 19 13 3 1 3 15 4 8 9 12 15 6 2 19 7 12 13 15 6 2 19 6 10 12 15 6 17 18 19 3 11 14 6 17 8 9 10 13 14 4 1 17 18 6 3 6 12 14 4 1 5 7 14 6 17 4 7 12 13 14
#fixture 10 5 16 0 5 6 13 4 0 1 9 13 6 17 3 7 8 10 15 4 0 1 2 12 6 0 17 18 2 6 11 6 17 19 5 6 7 14 4 17 5 7 9 5 16 3 19 4 7 5 19 5 6 8 9 4 17 19 3 12
#fixture 11 4 1 2 11 15 3 0 19 11 5 16 17 18 3 9 4 16 2 3 7 4 19 5 6 9 3 2 11 13 4 17 18 19 6 6 1 18 19 9 12 15 5 16 1 18 9 15 5 3 4 9 10 15 3 1 17 13
#fixture 11 3 18 19 12 5 0 17 12 13 15 5 2 12 13 14 15 3 5 9 11 3 16 19 6 3 18 6 14 4 16 17 4 13 5 18 3 5 11 13 4 19 6 8 13 5 1 17 5 10 15 4 17 2 4 14
#fixture 10 5 0 2 19 7 10 4 18 19 6 10 5 2 19 8 11 13 5 0 19 7 12 13 5 18 3 5 9 15 3 19 12 14 5 0 16 18 2 3 3 17 3 13 5 3 4 6 7 13 3 5 7 13
#fixture 12 5 18 2 4 11 12 6 16 17 2 4 11 12 6 0 16 3 6 10 12 3 1 2 8 5 19 4 6 13 14 3 17 5 15 3 0 12 14 4 11 12 14 15 4 16 1 2 9 6 1 4 5 8 9 13 4 2 8 9 15 3 16 2 3
#fixture 14 5 0 18 9 11 14 3 16 11 15 3 1 11 13 5 16 0 6 13 15 5 0 8 9 10 12 6 16 1 2 19 10 15 5 2 3 19 4 13 5 0 16 17 11 14 3 9 10 14 3 6 10 12 3 1 9 15 6 0 18 19 5 6 12 4 0 4 8 14 3 4 9 15
#fixture 13 4 18 10 14 15 6 16 3 19 4 6 7 4 1 9 11 15 5 3 6 7 10 13 3 11 12 15 4 0 2 7 8 5 19 6 10 12 14 5 16 2 19 9 15 6 2 18 4 6 8 11 6 0 17 10 11 12 14 4 18 6 11 15 3 4 5 14 5 2 6 8 9 13
#fixture 11 3 2 7 13 5 0 19 6 7 15 5 1 17 19 14 15 6 17 19 3 7 10 11 3 19 4 15 3 13 14 15 5 0 9 11 13 15 5 1 5 6 13 14 5 18 3 7 9 12 3 0 1 7 6 16 1 17 9 11 14
#fixture 13 4 1 17 4 6 3 17 4 15 5 16 1 10 12 15 5 3 7 8 10 13 5 0 17 2 11 13 5 16 1 6 7 8 6 16 17 18 6 7 8 3 1 8 10 6 16 2 3 19 4 9 3 2 5 12 4 0 5 7 9 3 0 12 15 6 16 0 17 19 4 12
#fixture 13 6 0 16 5 7 9 13 3 17 3 6 5 0 17 8 10 11 6 1 2 19 7 11 14 4 1 18 11 13 5 1 2 5 7 10 6 0 17 5 7 10 11 5 0 17 18 7 10 5 16 0 19 7 15 3 16 17 9 6 0 2 18 19 4 14 3 17 6 9 4 3 4 8 13
#fixtureTime 0 8
#fixtureTime 1 8
#fixtureTime 2 4
#fixtureTime 3 6
#fixtureTime 4 6
#fixtureTime 5 4
#fixtureTime 6 4
#fixtureTime 7 8
#fixtureTime 8 5
#fixtureTime 9 4
#fixtureTime 10 9
#fixtureTime 11 5
#fixtureTime 12 4
#fixtureTime 13 8
#fixtureTime 14 5
#fixtureTime 15 5
#fixtureTime 16 6
#fixtureTime 17 8
#fixtureTime 18 8
#fixtureTime 19 6
