20 10 10
#machine 12 2 1 10 0 11 1 7 17 1 7 14 1 0 10 2 1 16 9 18 2 8 6 1 12 4 6 9 3 11 2 10 0 16 2 4 19 0 7 1 8 11 1 3 16 1 1 5 5 6 9 8 9 3 6 7 14 5 16
#machine 13 1 7 17 2 4 6 3 11 2 1 10 0 11 2 4 9 7 8 2 1 16 2 11 4 0 8 4 14 9 15 5 12 4 5 10 7 15 6 5 1 8 2 4 19 0 7 4 6 9 3 11 2 10 0 16 1 0 10 4 0 16 2 11 6 17 3 7 1 3 16 4 2 11 4 8 6 11 8 17
#machine 11 4 5 10 7 15 6 5 1 8 2 4 9 7 8 2 1 16 9 18 2 1 10 0 11 5 6 9 8 9 3 6 7 14 5 16 1 3 16 2 4 19 0 7 1 0 10 2 4 6 3 11 2 1 16 2 11 1 2 14
#machine 11 4 0 8 4 14 9 15 5 12 2 4 19 0 7 4 3 11 7 16 8 15 0 6 1 7 14 1 3 16 1 7 17 4 0 16 2 11 6 17 3 7 4 9 6 7 13 4 5 1 8 1 2 14 4 6 9 3 11 2 10 0 16 1 0 10
#machine 14 1 7 17 1 3 16 1 4 9 4 9 6 7 13 4 5 1 8 4 0 16 2 11 6 17 3 7 2 1 16 9 18 4 5 10 7 15 6 5 1 8 1 7 14 2 4 6 3 11 4 1 5 6 13 9 10 4 11 5 6 9 8 9 3 6 7 14 5 16 2 4 9 7 8 4 0 8 4 14 9 15 5 12 2 4 19 0 7
#machine 11 4 1 5 6 13 9 10 4 11 2 1 16 9 18 1 0 10 1 2 14 1 4 9 5 6 9 8 9 3 6 7 14 5 16 1 7 17 1 7 14 1 1 5 4 5 10 7 15 6 5 1 8 4 3 11 7 16 8 15 0 6
#machine 14 1 7 14 1 7 17 2 4 9 7 8 1 3 16 1 0 10 4 1 5 6 13 9 10 4 11 1 1 5 2 4 6 3 11 5 6 9 8 9 3 6 7 14 5 16 4 3 11 7 16 8 15 0 6 5 1 8 0 19 7 13 5 14 9 18 4 5 10 7 15 6 5 1 8 4 0 16 2 11 6 17 3 7 2 1 16 9 18
#machine 13 1 0 10 4 9 6 7 13 4 5 1 8 1 4 9 4 6 9 3 11 2 10 0 16 1 8 11 4 1 5 6 13 9 10 4 11 4 5 10 7 15 6 5 1 8 1 1 5 5 1 8 0 19 7 13 5 14 9 18 5 6 9 8 9 3 6 7 14 5 16 2 1 10 0 11 4 0 16 2 11 6 17 3 7 2 4 6 3 11
#machine 11 1 7 17 1 1 5 1 0 10 1 3 16 2 4 6 3 11 4 6 9 3 11 2 10 0 16 5 1 8 0 19 7 13 5 14 9 18 1 8 11 2 8 6 1 12 2 1 10 0 11 2 4 9 7 8
#machine 12 1 3 16 4 3 11 7 16 8 15 0 6 1 2 14 4 1 5 6 13 9 10 4 11 1 8 11 5 6 9 8 9 3 6 7 14 5 16 2 4 6 3 11 4 0 16 2 11 6 17 3 7 2 1 10 0 11 2 1 16 2 11 4 0 8 4 14 9 15 5 12 1 0 10
#machine 10 1 8 11 1 4 9 5 1 8 0 19 7 13 5 14 9 18 1 3 16 4 3 11 7 16 8 15 0 6 2 4 9 7 8 4 6 9 3 11 2 10 0 16 1 2 14 1 0 10 4 0 16 2 11 6 17 3 7
#machine 11 4 9 6 7 13 4 5 1 8 4 3 11 7 16 8 15 0 6 1 3 16 2 8 6 1 12 4 5 10 7 15 6 5 1 8 4 6 9 3 11 2 10 0 16 1 1 5 1 7 14 5 6 9 8 9 3 6 7 14 5 16 2 4 6 3 11 2 1 16 9 18
#machine 11 1 1 5 1 2 14 2 8 6 1 12 1 4 9 4 1 5 6 13 9 10 4 11 4 0 16 2 11 6 17 3 7 2 1 10 0 11 1 7 17 2 4 19 0 7 1 0 10 4 6 9 3 11 2 10 0 16
#machine 10 4 2 11 4 8 6 11 8 17 1 0 10 2 1 16 9 18 2 1 10 0 11 4 5 10 7 15 6 5 1 8 4 3 11 7 16 8 15 0 6 1 3 16 4 0 16 2 11 6 17 3 7 4 6 9 3 11 2 10 0 16 2 1 16 2 11
#machine 12 1 0 10 4 3 11 7 16 8 15 0 6 4 1 5 6 13 9 10 4 11 5 1 8 0 19 7 13 5 14 9 18 2 4 6 3 11 2 8 6 1 12 1 1 5 4 9 6 7 13 4 5 1 8 1 3 16 2 1 16 2 11 2 1 10 0 11 4 5 10 7 15 6 5 1 8
#machine 14 1 7 17 4 3 11 7 16 8 15 0 6 1 2 14 2 8 6 1 12 1 7 14 4 5 10 7 15 6 5 1 8 4 6 9 3 11 2 10 0 16 4 1 5 6 13 9 10 4 11 4 0 8 4 14 9 15 5 12 2 1 10 0 11 1 3 16 4 2 11 4 8 6 11 8 17 2 4 19 0 7 4 9 6 7 13 4 5 1 8
#machine 13 5 1 8 0 19 7 13 5 14 9 18 1 8 11 4 6 9 3 11 2 10 0 16 1 7 17 4 9 6 7 13 4 5 1 8 2 4 6 3 11 1 0 10 4 5 10 7 15 6 5 1 8 2 1 10 0 11 2 1 16 9 18 4 0 16 2 11 6 17 3 7 1 2 14 2 4 19 0 7
#machine 11 5 1 8 0 19 7 13 5 14 9 18 5 6 9 8 9 3 6 7 14 5 16 2 4 6 3 11 4 9 6 7 13 4 5 1 8 1 2 14 4 2 11 4 8 6 11 8 17 1 8 11 2 1 10 0 11 4 1 5 6 13 9 10 4 11 1 7 14 4 0 8 4 14 9 15 5 12
#machine 13 1 2 14 2 1 10 0 11 4 6 9 3 11 2 10 0 16 2 1 16 9 18 2 1 16 2 11 4 3 11 7 16 8 15 0 6 4 0 16 2 11 6 17 3 7 4 1 5 6 13 9 10 4 11 4 9 6 7 13 4 5 1 8 2 4 9 7 8 1 1 5 4 5 10 7 15 6 5 1 8 1 4 9
#machine 13 4 0 16 2 11 6 17 3 7 4 1 5 6 13 9 10 4 11 4 5 10 7 15 6 5 1 8 1 2 14 2 4 6 3 11 4 3 11 7 16 8 15 0 6 1 4 9 1 0 10 1 7 17 2 8 6 1 12 5 1 8 0 19 7 13 5 14 9 18 2 1 16 2 11 2 1 16 9 18
#fixture 12 3 0 3 9 6 1 2 3 5 6 8 4 2 4 5 6 6 1 2 3 5 6 8 5 1 5 6 7 9 5 1 2 4 8 9 3 2 7 9 4 0 5 6 9 4 2 3 4 7 5 0 2 5 6 8 6 1 2 3 4 6 9 3 2 8 9
#fixture 13 3 2 3 8 4 0 1 6 7 3 2 4 5 4 2 4 5 7 3 1 3 7 4 1 4 6 7 4 1 3 6 9 5 1 2 5 6 9 5 0 4 6 7 8 6 0 1 2 3 5 7 5 0 1 4 6 8 4 1 3 4 8 6 0 1 4 5 6 8
#fixture 11 6 0 1 2 3 6 8 3 0 1 9 6 1 3 5 7 8 9 3 0 4 9 3 0 1 6 5 0 3 5 6 7 6 0 1 3 6 7 8 3 0 2 9 6 0 1 2 4 7 9 3 0 5 6 3 0 2 7
#fixture 11 3 3 4 8 3 2 8 9 5 2 4 5 6 9 3 0 7 9 5 3 4 5 6 7 5 1 4 7 8 9 6 1 2 3 4 6 7 3 2 4 6 5 0 1 2 4 6 6 0 1 4 6 7 8 3 0 6 9
#fixture 14 6 0 3 4 5 7 8 4 2 4 6 7 5 0 3 6 7 8 5 0 2 5 8 9 5 3 5 6 7 9 3 4 5 7 5 1 3 4 7 8 3 1 4 8 3 0 3 6 6 0 3 4 5 7 8 6 2 4 5 7 8 9 5 0 2 3 5 6 4 0 5 7 9 6 4 5 6 7 8 9
#fixture 11 3 1 3 6 6 0 3 4 5 7 9 3 2 3 7 5 0 1 2 4 8 5 0 1 4 5 6 4 0 2 8 9 4 1 3 7 8 4 4 5 8 9 5 3 4 5 6 8 6 2 3 4 5 6 8 3 1 2 4
#fixture 14 6 3 4 5 7 8 9 5 0 2 4 6 8 5 2 3 5 8 9 3 4 8 9 4 2 3 4 9 6 0 1 2 7 8 9 3 2 3 8 4 2 4 5 9 5 1 2 3 6 7 3 6 7 9 3 0 3 8 3 0 3 7 6 0 3 4 5 6 7 3 1 8 9
#fixture 13 6 2 3 5 6 7 8 5 3 4 5 6 7 4 1 4 5 6 5 1 4 5 7 8 3 1 4 6 3 1 6 9 5 0 2 6 7 9 4 3 6 7 9 6 1 2 6 7 8 9 6 1 2 3 4 6 7 5 0 2 3 4 7 4 0 2 5 8 3 1 4 6
#fixture 11 5 0 3 7 8 9 6 0 1 2 6 7 8 5 0 4 5 6 9 5 3 4 6 8 9 3 1 2 3 3 4 5 8 6 1 4 5 6 8 9 5 1 2 4 6 7 4 1 2 3 9 3 5 6 8 6 1 3 5 7 8 9
#fixture 12 3 3 4 5 4 0 1 2 7 4 2 5 6 8 5 0 3 4 5 8 6 0 2 5 6 8 9 3 0 4 7 5 0 1 3 4 7 4 2 3 5 7 3 0 7 8 3 5 6 7 5 0 3 4 6 9 4 2 6 7 8
#fixture 10 6 0 2 4 7 8 9 3 0 2 3 3 0 2 7 6 0 1 3 4 7 8 6 0 1 3 5 6 8 4 0 1 5 6 3 1 6 7 4 0 3 4 5 6 2 3 4 5 6 9 3 1 2 7
#fixture 11 6 1 4 5 6 8 9 3 3 6 8 4 2 3 5 7 3 1 3 9 4 1 2 8 9 5 1 4 5 8 9 6 0 2 5 6 7 8 4 0 1 6 8 5 0 1 4 5 9 4 0 2 6 7 5 2 3 6 7 8
#fixture 11 3 0 3 7 6 1 2 4 5 7 9 3 3 5 6 6 0 3 5 6 8 9 3 0 1 4 3 4 6 7 6 1 2 3 4 7 9 4 3 6 8 9 6 0 1 3 6 7 9 3 2 7 9 6 1 2 3 4 6 8
#fixture 10 3 1 4 9 3 5 6 9 5 1 5 7 8 9 3 3 5 9 3 2 5 9 4 0 4 5 6 6 1 2 3 4 6 9 3 1 4 6 6 1 3 4 6 8 9 3 3 4 8
#fixture 12 4 4 5 6 8 3 1 5 9 5 0 1 2 6 7 4 0 1 7 8 5 0 1 2 3 4 3 3 5 6 4 2 3 4 7 4 1 2 3 8 4 2 3 4 9 4 2 6 7 8 5 0 3 4 7 8 5 0 1 2 5 7
#fixture 14 6 0 2 4 6 7 8 3 6 7 8 6 0 1 4 5 8 9 4 0 1 8 9 6 0 1 4 6 7 9 4 1 3 5 8 3 0 3 5 4 4 5 6 7 6 2 4 5 6 7 9 5 0 1 3 4 7 4 0 2 6 9 3 0 4 8 4 0 3 4 8 5 0 2 4 5 8
#fixture 13 3 1 3 4 5 0 3 4 6 8 3 2 3 7 4 1 2 7 8 6 0 1 2 6 7 8 4 0 5 7 8 6 3 4 6 7 8 9 4 1 4 5 8 5 0 1 4 8 9 4 2 6 7 8 6 0 1 2 5 8 9 4 0 5 6 7 5 0 3 4 7 8
#fixture 11 5 2 3 4 5 6 6 0 1 3 5 6 8 3 4 6 8 6 3 4 5 6 8 9 5 1 4 5 6 7 4 1 3 4 9 6 0 2 3 5 6 7 6 0 4 6 7 8 9 5 3 4 5 6 7 6 0 2 3 4 6 9 4 3 4 5 6
#fixture 13 3 2 5 9 4 1 2 3 9 3 2 3 9 3 1 2 8 4 2 7 8 9 6 0 2 3 4 7 8 5 2 4 5 6 8 5 1 3 4 7 8 3 1 3 4 3 3 8 9 3 0 1 9 4 2 4 7 9 3 1 2 7
#fixture 13 4 2 3 5 9 4 1 5 7 9 4 2 3 7 9 6 0 1 3 4 5 7 5 3 4 5 8 9 5 0 1 5 6 8 4 0 5 7 9 4 2 3 5 9 3 0 3 6 3 1 5 9 5 0 1 3 4 8 6 0 1 3 7 8 9 6 0 1 2 3 4 5
#fixtureTime 0 4
#fixtureTime 1 4
#fixtureTime 2 9
#fixtureTime 3 7
#fixtureTime 4 6
#fixtureTime 5 7
#fixtureTime 6 6
#fixtureTime 7 4
#fixtureTime 8 7
#fixtureTime 9 8
