20 15 23
#machine 12 2 5 5 1 5 2 6 11 5 11 1 1 5 4 7 10 2 18 3 10 8 7 2 6 9 0 7 4 0 8 6 14 8 12 3 7 3 3 13 7 8 1 6 5 2 8 0 19 8 13 9 19 1 16 5 1 16 9 9 2 12 3 11 4 15 2 8 10 9 5 3 6 5 1 8 3 7 4 0 6 5 13 4 11 9 7
#machine 13 2 6 11 5 11 4 1 16 9 9 4 9 7 16 2 5 5 1 5 2 1 11 0 9 2 2 12 6 15 4 3 11 9 14 4 10 6 15 4 2 8 0 12 4 5 12 11 5 2 8 0 19 8 13 9 19 1 16 3 3 13 7 8 1 6 4 7 10 2 18 3 10 8 7 4 0 16 4 11 9 17 2 6 2 8 10 9 5 2 4 11 1 11
#machine 11 4 2 8 0 12 4 5 12 11 2 1 11 0 9 2 6 9 0 7 2 5 5 1 5 4 0 6 5 13 4 11 9 7 2 8 10 9 5 5 2 8 0 19 8 13 9 19 1 16 4 7 10 2 18 3 10 8 7 4 1 16 9 9 4 9 7 16 2 2 12 6 15 2 1 5 8 19
#machine 11 4 3 11 9 14 4 10 6 15 5 2 8 0 19 8 13 9 19 1 16 1 4 15 1 1 5 2 8 10 9 5 2 6 11 5 11 4 0 16 4 11 9 17 2 6 2 9 13 5 11 2 1 5 8 19 3 3 13 7 8 1 6 4 7 10 2 18 3 10 8 7
#machine 14 2 6 11 5 11 2 8 10 9 5 4 4 11 6 8 9 11 1 16 2 9 13 5 11 4 0 16 4 11 9 17 2 6 2 6 9 0 7 4 2 8 0 12 4 5 12 11 1 1 5 4 1 16 9 9 4 9 7 16 3 0 15 1 19 8 9 4 0 6 5 13 4 11 9 7 2 1 11 0 9 4 3 11 9 14 4 10 6 15 5 2 8 0 19 8 13 9 19 1 16
#machine 11 3 0 15 1 19 8 9 2 6 9 0 7 4 7 10 2 18 3 10 8 7 2 1 5 8 19 4 4 11 6 8 9 11 1 16 4 0 6 5 13 4 11 9 7 2 6 11 5 11 1 1 5 3 6 5 1 8 3 7 4 2 8 0 12 4 5 12 11 1 4 15
#machine 14 1 1 5 2 6 11 5 11 2 1 11 0 9 2 8 10 9 5 4 7 10 2 18 3 10 8 7 3 0 15 1 19 8 9 3 6 5 1 8 3 7 4 1 16 9 9 4 9 7 16 4 0 6 5 13 4 11 9 7 1 4 15 4 6 13 9 19 5 18 3 8 4 2 8 0 12 4 5 12 11 4 0 16 4 11 9 17 2 6 2 6 9 0 7
#machine 13 4 7 10 2 18 3 10 8 7 2 9 13 5 11 4 4 11 6 8 9 11 1 16 3 3 13 7 8 1 6 5 1 16 9 9 2 12 3 11 4 15 3 0 15 1 19 8 9 4 2 8 0 12 4 5 12 11 3 6 5 1 8 3 7 4 6 13 9 19 5 18 3 8 4 0 6 5 13 4 11 9 7 2 5 5 1 5 4 0 16 4 11 9 17 2 6 4 1 16 9 9 4 9 7 16
#machine 11 2 6 11 5 11 3 6 5 1 8 3 7 4 7 10 2 18 3 10 8 7 2 8 10 9 5 4 1 16 9 9 4 9 7 16 3 3 13 7 8 1 6 4 6 13 9 19 5 18 3 8 5 1 16 9 9 2 12 3 11 4 15 4 0 8 6 14 8 12 3 7 2 5 5 1 5 2 1 11 0 9
#machine 12 2 8 10 9 5 1 4 15 2 1 5 8 19 3 0 15 1 19 8 9 5 1 16 9 9 2 12 3 11 4 15 4 0 6 5 13 4 11 9 7 4 1 16 9 9 4 9 7 16 4 0 16 4 11 9 17 2 6 2 5 5 1 5 2 2 12 6 15 4 3 11 9 14 4 10 6 15 4 7 10 2 18 3 10 8 7
#machine 10 5 1 16 9 9 2 12 3 11 4 15 4 4 11 6 8 9 11 1 16 4 6 13 9 19 5 18 3 8 2 8 10 9 5 1 4 15 2 1 11 0 9 3 3 13 7 8 1 6 2 1 5 8 19 4 7 10 2 18 3 10 8 7 4 0 16 4 11 9 17 2 6
#machine 11 2 9 13 5 11 1 4 15 2 8 10 9 5 4 0 8 6 14 8 12 3 7 4 2 8 0 12 4 5 12 11 3 3 13 7 8 1 6 3 6 5 1 8 3 7 1 1 5 4 0 6 5 13 4 11 9 7 4 1 16 9 9 4 9 7 16 2 6 9 0 7
#machine 11 3 6 5 1 8 3 7 2 1 5 8 19 4 0 8 6 14 8 12 3 7 4 4 11 6 8 9 11 1 16 3 0 15 1 19 8 9 4 0 16 4 11 9 17 2 6 2 5 5 1 5 2 6 11 5 11 5 2 8 0 19 8 13 9 19 1 16 4 7 10 2 18 3 10 8 7 3 3 13 7 8 1 6
#machine 10 2 4 11 1 11 4 7 10 2 18 3 10 8 7 2 6 9 0 7 2 5 5 1 5 4 2 8 0 12 4 5 12 11 1 4 15 2 8 10 9 5 4 0 16 4 11 9 17 2 6 3 3 13 7 8 1 6 2 2 12 6 15
#machine 12 4 7 10 2 18 3 10 8 7 1 4 15 3 0 15 1 19 8 9 4 6 13 9 19 5 18 3 8 4 1 16 9 9 4 9 7 16 4 0 8 6 14 8 12 3 7 3 6 5 1 8 3 7 2 9 13 5 11 2 8 10 9 5 2 2 12 6 15 2 5 5 1 5 4 2 8 0 12 4 5 12 11
#machine 14 2 6 11 5 11 1 4 15 2 1 5 8 19 4 0 8 6 14 8 12 3 7 1 1 5 4 2 8 0 12 4 5 12 11 3 3 13 7 8 1 6 3 0 15 1 19 8 9 4 3 11 9 14 4 10 6 15 2 5 5 1 5 2 8 10 9 5 2 4 11 1 11 5 2 8 0 19 8 13 9 19 1 16 2 9 13 5 11
#machine 13 4 6 13 9 19 5 18 3 8 5 1 16 9 9 2 12 3 11 4 15 3 3 13 7 8 1 6 2 6 11 5 11 2 9 13 5 11 4 1 16 9 9 4 9 7 16 4 7 10 2 18 3 10 8 7 4 2 8 0 12 4 5 12 11 2 5 5 1 5 2 6 9 0 7 4 0 16 4 11 9 17 2 6 2 1 5 8 19 5 2 8 0 19 8 13 9 19 1 16
#machine 11 4 6 13 9 19 5 18 3 8 4 0 6 5 13 4 11 9 7 4 1 16 9 9 4 9 7 16 2 9 13 5 11 2 1 5 8 19 2 4 11 1 11 5 1 16 9 9 2 12 3 11 4 15 2 5 5 1 5 3 0 15 1 19 8 9 1 1 5 4 3 11 9 14 4 10 6 15
#machine 13 2 1 5 8 19 2 5 5 1 5 3 3 13 7 8 1 6 2 6 9 0 7 2 2 12 6 15 1 4 15 4 0 16 4 11 9 17 2 6 3 0 15 1 19 8 9 2 9 13 5 11 2 1 11 0 9 3 6 5 1 8 3 7 4 2 8 0 12 4 5 12 11 4 4 11 6 8 9 11 1 16
#machine 13 4 0 16 4 11 9 17 2 6 3 0 15 1 19 8 9 4 2 8 0 12 4 5 12 11 2 1 5 8 19 4 1 16 9 9 4 9 7 16 1 4 15 4 4 11 6 8 9 11 1 16 4 7 10 2 18 3 10 8 7 2 6 11 5 11 4 0 8 6 14 8 12 3 7 4 6 13 9 19 5 18 3 8 2 2 12 6 15 2 6 9 0 7
#fixture 12 3 17 3 21 6 0 1 8 10 13 14 6 0 17 21 5 7 9 5 2 4 8 9 13 6 16 1 6 22 13 14 3 17 19 6 6 16 18 6 7 10 12 4 20 5 21 12 4 0 21 22 8 6 16 17 19 6 14 15 6 18 22 7 9 14 15 6 0 18 3 7 14 15
#fixture 13 5 1 17 6 8 11 5 2 21 22 11 13 4 19 4 20 9 6 16 17 19 3 12 14 3 1 11 14 5 3 20 5 12 13 6 17 1 19 5 11 12 5 1 6 9 11 15 6 1 2 3 19 8 12 6 0 19 21 7 12 15 3 2 22 8 6 0 18 19 4 7 9 6 1 2 18 19 5 8
#fixture 11 3 1 10 12 4 17 2 4 21 4 18 3 9 15 4 16 0 6 8 4 4 5 14 15 5 17 4 21 8 15 4 3 20 13 14 4 16 17 13 15 4 2 4 20 9 3 5 21 10 6 17 7 8 10 12 13
#fixture 11 4 17 19 8 12 3 7 8 11 6 0 16 1 22 8 9 4 18 19 6 14 6 0 4 6 9 13 15 6 0 17 20 5 6 8 3 2 19 5 3 6 11 12 5 16 17 5 8 15 4 16 21 11 12 6 1 4 6 22 12 13
#fixture 14 3 4 20 9 5 1 2 18 22 7 3 17 8 11 6 1 20 9 11 12 15 5 1 20 21 8 15 3 3 21 10 3 19 5 14 3 16 4 22 5 0 16 3 5 10 6 16 17 18 2 10 15 5 18 6 8 14 15 4 1 22 8 10 3 1 18 7 5 0 16 2 20 13
#fixture 11 4 0 18 22 12 6 4 5 6 7 8 14 4 1 3 5 9 4 1 18 19 21 5 16 1 18 5 8 3 2 6 12 3 5 7 13 5 16 1 18 5 10 4 0 18 22 14 5 1 18 19 21 13 5 17 20 21 7 15
#fixture 14 5 19 21 8 10 14 6 1 3 4 6 7 10 3 0 6 7 6 2 4 20 5 22 12 4 17 20 8 12 5 2 4 22 10 11 5 16 20 5 7 10 3 5 8 14 6 17 2 19 4 22 13 6 2 19 20 10 11 14 4 5 6 9 14 4 1 3 9 13 5 17 18 20 21 11 5 4 21 9 13 15
#fixture 13 3 16 4 21 3 5 11 13 5 2 3 4 22 13 6 3 20 21 6 7 10 4 5 22 10 13 6 16 3 4 5 11 12 6 19 20 7 13 14 15 6 16 2 22 11 12 14 6 20 6 7 8 10 11 5 19 3 22 13 15 3 19 8 13 6 2 18 3 4 6 10 6 18 2 4 9 10 13
#fixture 11 4 16 0 18 8 5 20 21 7 11 12 5 2 22 8 10 14 4 1 4 9 12 6 1 18 2 5 22 10 3 17 2 9 5 0 3 21 22 12 5 0 19 3 4 7 3 17 18 21 6 18 2 19 4 8 11 4 5 22 8 9
#fixture 12 4 0 3 21 8 6 16 3 5 7 10 11 3 20 22 13 5 16 1 4 21 14 3 20 21 15 4 16 2 21 14 3 20 5 10 3 5 6 8 5 1 18 13 14 15 3 2 3 12 3 16 22 14 3 0 21 10
#fixture 10 6 1 19 7 10 14 15 5 1 4 22 9 11 5 0 1 17 3 12 4 0 18 3 4 5 17 18 5 6 8 4 17 19 20 9 6 1 4 22 10 14 15 4 17 1 2 9 5 2 22 6 9 10 6 0 1 5 8 9 15
#fixture 11 5 0 2 5 6 14 3 22 10 14 6 20 22 9 10 12 15 6 0 19 21 6 7 8 4 16 1 10 12 4 18 19 21 6 5 19 3 22 7 14 4 0 1 2 14 5 1 2 19 21 12 4 22 11 12 13 5 17 20 21 13 14
#fixture 11 3 21 8 9 5 17 4 20 10 14 5 19 4 7 11 12 6 1 19 4 9 13 15 6 16 3 22 7 11 13 5 18 4 21 11 12 6 16 1 17 3 22 15 5 17 1 5 22 14 6 0 18 3 5 14 15 5 0 21 7 9 15 5 0 17 5 10 14
#fixture 10 6 16 18 4 22 6 11 3 3 4 8 3 2 21 6 3 1 18 4 3 16 22 10 3 18 8 12 4 19 3 14 15 6 17 4 5 9 11 12 6 18 20 21 8 9 12 5 17 18 3 21 7
#fixture 12 4 20 4 8 15 4 18 2 3 13 6 16 17 19 4 12 13 3 17 4 21 5 19 20 5 12 15 6 1 18 3 4 7 13 3 19 20 9 6 1 18 7 9 13 15 4 16 21 5 12 5 17 19 3 20 8 6 0 1 20 5 8 14 6 0 4 22 9 10 11
#fixture 14 3 0 10 14 3 8 9 11 5 18 20 4 6 9 3 0 19 15 4 0 20 8 12 4 0 4 22 8 6 0 18 19 4 10 12 6 17 5 22 8 12 13 3 3 12 13 6 16 0 3 4 6 9 6 1 19 20 11 12 13 3 3 22 15 5 17 2 8 11 13 5 18 2 8 9 13
#fixture 13 5 17 1 2 21 14 4 22 11 12 15 5 0 17 20 21 13 3 2 21 9 4 17 19 9 13 6 16 18 19 6 8 13 4 17 1 8 12 6 4 5 12 13 14 15 6 1 20 21 6 10 12 5 5 10 11 12 14 4 0 2 3 8 5 21 9 10 12 15 6 3 20 21 7 10 12
#fixture 11 5 16 19 20 7 12 5 17 21 8 10 11 3 4 7 8 4 1 7 10 12 3 0 22 11 4 1 7 11 14 5 16 20 22 7 9 3 2 5 6 6 19 4 6 10 12 14 5 1 18 5 7 15 4 17 22 11 13
#fixture 13 5 16 1 18 3 15 5 19 3 5 22 13 6 3 22 6 7 9 11 5 0 19 4 21 8 4 2 5 10 12 6 17 2 20 5 8 11 5 0 2 4 5 13 5 18 4 20 5 21 3 0 17 13 3 2 18 13 3 6 8 9 6 1 3 20 21 10 12 5 2 3 6 22 12
#fixture 13 6 2 19 4 10 14 15 6 0 16 1 18 10 11 3 17 19 21 4 0 20 11 12 5 21 6 8 10 11 6 17 18 19 3 5 9 6 17 19 4 6 9 10 3 17 22 8 5 2 3 20 22 7 4 3 20 21 9 4 19 20 12 13 3 0 18 4 4 16 18 21 8
#fixtureTime 0 5
#fixtureTime 1 6
#fixtureTime 2 9
#fixtureTime 3 5
#fixtureTime 4 8
#fixtureTime 5 8
#fixtureTime 6 7
#fixtureTime 7 6
#fixtureTime 8 6
#fixtureTime 9 5
#fixtureTime 10 4
#fixtureTime 11 9
#fixtureTime 12 6
#fixtureTime 13 8
#fixtureTime 14 6
#fixtureTime 15 6
#fixtureTime 16 6
#fixtureTime 17 4
#fixtureTime 18 6
#fixtureTime 19 8
#fixtureTime 20 5
#fixtureTime 21 5
#fixtureTime 22 7
