20 15 19
#machine 12 2 5 5 1 5 2 6 11 5 11 1 1 5 4 7 10 2 18 3 10 8 7 2 6 9 0 7 4 0 8 6 14 8 12 3 7 3 3 13 7 8 1 6 5 2 8 0 19 8 13 9 19 1 16 5 1 16 9 9 2 12 3 11 4 15 2 8 10 9 5 3 6 5 1 8 3 7 4 0 6 5 13 4 11 9 7
#machine 13 2 6 11 5 11 4 1 16 9 9 4 9 7 16 2 5 5 1 5 2 1 11 0 9 2 2 12 6 15 4 3 11 9 14 4 10 6 15 4 2 8 0 12 4 5 12 11 5 2 8 0 19 8 13 9 19 1 16 3 3 13 7 8 1 6 4 7 10 2 18 3 10 8 7 4 0 16 4 11 9 17 2 6 2 8 10 9 5 2 4 11 1 11
#machine 11 4 2 8 0 12 4 5 12 11 2 1 11 0 9 2 6 9 0 7 2 5 5 1 5 4 0 6 5 13 4 11 9 7 2 8 10 9 5 5 2 8 0 19 8 13 9 19 1 16 4 7 10 2 18 3 10 8 7 4 1 16 9 9 4 9 7 16 2 2 12 6 15 2 1 5 8 19
#machine 11 4 3 11 9 14 4 10 6 15 5 2 8 0 19 8 13 9 19 1 16 1 4 15 1 1 5 2 8 10 9 5 2 6 11 5 11 4 0 16 4 11 9 17 2 6 2 9 13 5 11 2 1 5 8 19 3 3 13 7 8 1 6 4 7 10 2 18 3 10 8 7
#machine 14 2 6 11 5 11 2 8 10 9 5 4 4 11 6 8 9 11 1 16 2 9 13 5 11 4 0 16 4 11 9 17 2 6 2 6 9 0 7 4 2 8 0 12 4 5 12 11 1 1 5 4 1 16 9 9 4 9 7 16 3 0 15 1 19 8 9 4 0 6 5 13 4 11 9 7 2 1 11 0 9 4 3 11 9 14 4 10 6 15 5 2 8 0 19 8 13 9 19 1 16
#machine 11 3 0 15 1 19 8 9 2 6 9 0 7 4 7 10 2 18 3 10 8 7 2 1 5 8 19 4 4 11 6 8 9 11 1 16 4 0 6 5 13 4 11 9 7 2 6 11 5 11 1 1 5 3 6 5 1 8 3 7 4 2 8 0 12 4 5 12 11 1 4 15
#machine 14 1 1 5 2 6 11 5 11 2 1 11 0 9 2 8 10 9 5 4 7 10 2 18 3 10 8 7 3 0 15 1 19 8 9 3 6 5 1 8 3 7 4 1 16 9 9 4 9 7 16 4 0 6 5 13 4 11 9 7 1 4 15 4 6 13 9 19 5 18 3 8 4 2 8 0 12 4 5 12 11 4 0 16 4 11 9 17 2 6 2 6 9 0 7
#machine 13 4 7 10 2 18 3 10 8 7 2 9 13 5 11 4 4 11 6 8 9 11 1 16 3 3 13 7 8 1 6 5 1 16 9 9 2 12 3 11 4 15 3 0 15 1 19 8 9 4 2 8 0 12 4 5 12 11 3 6 5 1 8 3 7 4 6 13 9 19 5 18 3 8 4 0 6 5 13 4 11 9 7 2 5 5 1 5 4 0 16 4 11 9 17 2 6 4 1 16 9 9 4 9 7 16
#machine 11 2 6 11 5 11 3 6 5 1 8 3 7 4 7 10 2 18 3 10 8 7 2 8 10 9 5 4 1 16 9 9 4 9 7 16 3 3 13 7 8 1 6 4 6 13 9 19 5 18 3 8 5 1 16 9 9 2 12 3 11 4 15 4 0 8 6 14 8 12 3 7 2 5 5 1 5 2 1 11 0 9
#machine 12 2 8 10 9 5 1 4 15 2 1 5 8 19 3 0 15 1 19 8 9 5 1 16 9 9 2 12 3 11 4 15 4 0 6 5 13 4 11 9 7 4 1 16 9 9 4 9 7 16 4 0 16 4 11 9 17 2 6 2 5 5 1 5 2 2 12 6 15 4 3 11 9 14 4 10 6 15 4 7 10 2 18 3 10 8 7
#machine 10 5 1 16 9 9 2 12 3 11 4 15 4 4 11 6 8 9 11 1 16 4 6 13 9 19 5 18 3 8 2 8 10 9 5 1 4 15 2 1 11 0 9 3 3 13 7 8 1 6 2 1 5 8 19 4 7 10 2 18 3 10 8 7 4 0 16 4 11 9 17 2 6
#machine 11 2 9 13 5 11 1 4 15 2 8 10 9 5 4 0 8 6 14 8 12 3 7 4 2 8 0 12 4 5 12 11 3 3 13 7 8 1 6 3 6 5 1 8 3 7 1 1 5 4 0 6 5 13 4 11 9 7 4 1 16 9 9 4 9 7 16 2 6 9 0 7
#machine 11 3 6 5 1 8 3 7 2 1 5 8 19 4 0 8 6 14 8 12 3 7 4 4 11 6 8 9 11 1 16 3 0 15 1 19 8 9 4 0 16 4 11 9 17 2 6 2 5 5 1 5 2 6 11 5 11 5 2 8 0 19 8 13 9 19 1 16 4 7 10 2 18 3 10 8 7 3 3 13 7 8 1 6
#machine 10 2 4 11 1 11 4 7 10 2 18 3 10 8 7 2 6 9 0 7 2 5 5 1 5 4 2 8 0 12 4 5 12 11 1 4 15 2 8 10 9 5 4 0 16 4 11 9 17 2 6 3 3 13 7 8 1 6 2 2 12 6 15
#machine 12 4 7 10 2 18 3 10 8 7 1 4 15 3 0 15 1 19 8 9 4 6 13 9 19 5 18 3 8 4 1 16 9 9 4 9 7 16 4 0 8 6 14 8 12 3 7 3 6 5 1 8 3 7 2 9 13 5 11 2 8 10 9 5 2 2 12 6 15 2 5 5 1 5 4 2 8 0 12 4 5 12 11
#machine 14 2 6 11 5 11 1 4 15 2 1 5 8 19 4 0 8 6 14 8 12 3 7 1 1 5 4 2 8 0 12 4 5 12 11 3 3 13 7 8 1 6 3 0 15 1 19 8 9 4 3 11 9 14 4 10 6 15 2 5 5 1 5 2 8 10 9 5 2 4 11 1 11 5 2 8 0 19 8 13 9 19 1 16 2 9 13 5 11
#machine 13 4 6 13 9 19 5 18 3 8 5 1 16 9 9 2 12 3 11 4 15 3 3 13 7 8 1 6 2 6 11 5 11 2 9 13 5 11 4 1 16 9 9 4 9 7 16 4 7 10 2 18 3 10 8 7 4 2 8 0 12 4 5 12 11 2 5 5 1 5 2 6 9 0 7 4 0 16 4 11 9 17 2 6 2 1 5 8 19 5 2 8 0 19 8 13 9 19 1 16
#machine 11 4 6 13 9 19 5 18 3 8 4 0 6 5 13 4 11 9 7 4 1 16 9 9 4 9 7 16 2 9 13 5 11 2 1 5 8 19 2 4 11 1 11 5 1 16 9 9 2 12 3 11 4 15 2 5 5 1 5 3 0 15 1 19 8 9 1 1 5 4 3 11 9 14 4 10 6 15
#machine 13 2 1 5 8 19 2 5 5 1 5 3 3 13 7 8 1 6 2 6 9 0 7 2 2 12 6 15 1 4 15 4 0 16 4 11 9 17 2 6 3 0 15 1 19 8 9 2 9 13 5 11 2 1 11 0 9 3 6 5 1 8 3 7 4 2 8 0 12 4 5 12 11 4 4 11 6 8 9 11 1 16
#machine 13 4 0 16 4 11 9 17 2 6 3 0 15 1 19 8 9 4 2 8 0 12 4 5 12 11 2 1 5 8 19 4 1 16 9 9 4 9 7 16 1 4 15 4 4 11 6 8 9 11 1 16 4 7 10 2 18 3 10 8 7 2 6 11 5 11 4 0 8 6 14 8 12 3 7 4 6 13 9 19 5 18 3 8 2 2 12 6 15 2 6 9 0 7
#fixture 12 2 0 13 2 10 13 2 11 14 2 0 6 2 4 14 3 3 7 8 2 17 3 2 0 13 2 0 17 3 3 14 15 2 3 7 2 1 3
#fixture 13 2 7 8 3 16 12 14 3 1 18 11 2 5 9 3 6 8 11 3 17 7 11 2 3 10 3 16 1 2 2 2 6 3 17 4 9 3 16 9 14 3 1 6 11 3 3 8 11
#fixture 11 2 7 8 3 18 7 9 2 8 10 2 4 12 3 4 11 12 3 18 7 12 2 11 15 2 1 8 2 16 17 3 8 9 13 3 0 16 15
#fixture 11 3 0 9 12 3 5 8 11 2 4 15 3 16 1 6 2 7 15 3 16 13 15 2 5 12 2 16 12 2 0 4 2 16 6 3 0 7 9
#fixture 14 3 6 9 14 3 1 3 13 2 4 15 3 16 7 15 3 0 17 2 2 17 9 3 17 2 8 2 17 8 2 6 15 2 1 3 2 2 6 3 16 2 12 2 3 4 2 14 15
#fixture 11 2 1 6 3 16 18 8 3 3 5 9 3 1 4 5 2 2 9 3 18 7 15 2 3 8 3 1 3 7 3 17 1 18 2 13 15 2 5 9
#fixture 14 3 0 17 4 2 8 12 2 16 5 3 1 10 11 3 3 9 15 3 16 18 12 2 2 3 2 11 12 3 4 6 12 3 3 6 13 3 16 1 7 2 17 14 2 2 15 2 18 4
#fixture 13 3 18 9 10 2 4 14 2 1 12 2 1 14 2 1 10 3 16 6 8 2 1 18 2 18 6 2 3 5 2 17 2 2 0 2 2 17 14 2 16 14
#fixture 11 2 5 9 3 1 7 14 2 1 8 3 2 9 12 3 5 7 12 2 4 11 2 3 15 3 0 18 5 3 16 18 13 2 0 1 2 16 11
#fixture 12 2 10 15 2 17 14 2 7 13 3 18 2 3 2 6 13 2 16 3 3 5 12 13 2 17 12 3 2 10 14 3 18 2 5 3 2 18 13 2 0 5
#fixture 10 3 7 14 15 3 2 4 8 3 18 10 14 2 7 15 2 6 15 2 4 12 2 16 6 2 4 13 2 0 1 2 8 10
#fixture 11 2 4 13 3 16 3 4 2 5 11 2 17 3 2 5 11 3 0 16 14 2 17 4 2 17 5 2 3 9 3 1 8 15 3 16 7 11
#fixture 11 2 2 4 3 7 12 15 2 16 13 3 0 17 6 2 8 11 2 2 8 2 6 12 3 1 17 14 2 1 8 3 3 12 13 2 18 4
#fixture 10 2 2 4 3 5 6 12 3 0 2 3 3 6 9 15 2 4 14 3 16 7 11 2 2 12 3 1 11 12 2 6 11 3 0 2 11
#fixture 12 3 2 3 15 2 9 13 2 2 14 3 17 3 9 2 7 11 2 4 15 3 16 12 13 2 12 15 3 18 2 15 3 16 9 13 3 18 3 4 3 18 3 5
#fixture 14 2 16 8 2 0 13 3 16 17 12 3 18 13 14 2 3 8 2 4 14 3 0 4 12 3 17 9 13 2 2 15 2 3 10 2 18 15 2 13 15 2 12 15 2 17 5
#fixture 13 2 6 11 3 0 18 8 3 17 18 11 2 4 11 3 1 4 14 2 16 11 3 16 9 11 3 1 3 12 3 18 6 7 3 17 18 11 3 3 7 14 3 0 8 12 2 17 11
#fixture 11 3 17 11 13 2 7 13 2 1 8 3 5 12 13 3 16 3 7 2 1 5 3 1 3 8 2 2 14 3 18 5 13 3 4 10 13 2 6 14
#fixture 13 2 2 6 3 17 6 9 3 17 6 11 2 18 7 3 8 13 15 3 7 8 13 2 6 14 2 17 15 3 17 18 12 3 4 5 12 2 17 8 3 18 3 12 2 2 18
#fixture 13 3 3 10 11 2 5 13 2 11 12 3 18 3 5 3 0 5 7 2 6 8 2 0 10 2 0 6 2 10 11 3 18 6 8 2 9 10 3 18 6 14 2 4 11
#fixtureTime 0 8
#fixtureTime 1 9
#fixtureTime 2 4
#fixtureTime 3 7
#fixtureTime 4 6
#fixtureTime 5 6
#fixtureTime 6 6
#fixtureTime 7 6
#fixtureTime 8 6
#fixtureTime 9 9
#fixtureTime 10 8
#fixtureTime 11 8
#fixtureTime 12 7
#fixtureTime 13 9
#fixtureTime 14 8
#fixtureTime 15 9
#fixtureTime 16 4
#fixtureTime 17 5
#fixtureTime 18 6
