20 15 20
#machine 12 2 5 5 1 5 2 6 11 5 11 1 1 5 4 7 10 2 18 3 10 8 7 2 6 9 0 7 4 0 8 6 14 8 12 3 7 3 3 13 7 8 1 6 5 2 8 0 19 8 13 9 19 1 16 5 1 16 9 9 2 12 3 11 4 15 2 8 10 9 5 3 6 5 1 8 3 7 4 0 6 5 13 4 11 9 7
#machine 13 2 6 11 5 11 4 1 16 9 9 4 9 7 16 2 5 5 1 5 2 1 11 0 9 2 2 12 6 15 4 3 11 9 14 4 10 6 15 4 2 8 0 12 4 5 12 11 5 2 8 0 19 8 13 9 19 1 16 3 3 13 7 8 1 6 4 7 10 2 18 3 10 8 7 4 0 16 4 11 9 17 2 6 2 8 10 9 5 2 4 11 1 11
#machine 11 4 2 8 0 12 4 5 12 11 2 1 11 0 9 2 6 9 0 7 2 5 5 1 5 4 0 6 5 13 4 11 9 7 2 8 10 9 5 5 2 8 0 19 8 13 9 19 1 16 4 7 10 2 18 3 10 8 7 4 1 16 9 9 4 9 7 16 2 2 12 6 15 2 1 5 8 19
#machine 11 4 3 11 9 14 4 10 6 15 5 2 8 0 19 8 13 9 19 1 16 1 4 15 1 1 5 2 8 10 9 5 2 6 11 5 11 4 0 16 4 11 9 17 2 6 2 9 13 5 11 2 1 5 8 19 3 3 13 7 8 1 6 4 7 10 2 18 3 10 8 7
#machine 14 2 6 11 5 11 2 8 10 9 5 4 4 11 6 8 9 11 1 16 2 9 13 5 11 4 0 16 4 11 9 17 2 6 2 6 9 0 7 4 2 8 0 12 4 5 12 11 1 1 5 4 1 16 9 9 4 9 7 16 3 0 15 1 19 8 9 4 0 6 5 13 4 11 9 7 2 1 11 0 9 4 3 11 9 14 4 10 6 15 5 2 8 0 19 8 13 9 19 1 16
#machine 11 3 0 15 1 19 8 9 2 6 9 0 7 4 7 10 2 18 3 10 8 7 2 1 5 8 19 4 4 11 6 8 9 11 1 16 4 0 6 5 13 4 11 9 7 2 6 11 5 11 1 1 5 3 6 5 1 8 3 7 4 2 8 0 12 4 5 12 11 1 4 15
#machine 14 1 1 5 2 6 11 5 11 2 1 11 0 9 2 8 10 9 5 4 7 10 2 18 3 10 8 7 3 0 15 1 19 8 9 3 6 5 1 8 3 7 4 1 16 9 9 4 9 7 16 4 0 6 5 13 4 11 9 7 1 4 15 4 6 13 9 19 5 18 3 8 4 2 8 0 12 4 5 12 11 4 0 16 4 11 9 17 2 6 2 6 9 0 7
#machine 13 4 7 10 2 18 3 10 8 7 2 9 13 5 11 4 4 11 6 8 9 11 1 16 3 3 13 7 8 1 6 5 1 16 9 9 2 12 3 11 4 15 3 0 15 1 19 8 9 4 2 8 0 12 4 5 12 11 3 6 5 1 8 3 7 4 6 13 9 19 5 18 3 8 4 0 6 5 13 4 11 9 7 2 5 5 1 5 4 0 16 4 11 9 17 2 6 4 1 16 9 9 4 9 7 16
#machine 11 2 6 11 5 11 3 6 5 1 8 3 7 4 7 10 2 18 3 10 8 7 2 8 10 9 5 4 1 16 9 9 4 9 7 16 3 3 13 7 8 1 6 4 6 13 9 19 5 18 3 8 5 1 16 9 9 2 12 3 11 4 15 4 0 8 6 14 8 12 3 7 2 5 5 1 5 2 1 11 0 9
#machine 12 2 8 10 9 5 1 4 15 2 1 5 8 19 3 0 15 1 19 8 9 5 1 16 9 9 2 12 3 11 4 15 4 0 6 5 13 4 11 9 7 4 1 16 9 9 4 9 7 16 4 0 16 4 11 9 17 2 6 2 5 5 1 5 2 2 12 6 15 4 3 11 9 14 4 10 6 15 4 7 10 2 18 3 10 8 7
#machine 10 5 1 16 9 9 2 12 3 11 4 15 4 4 11 6 8 9 11 1 16 4 6 13 9 19 5 18 3 8 2 8 10 9 5 1 4 15 2 1 11 0 9 3 3 13 7 8 1 6 2 1 5 8 19 4 7 10 2 18 3 10 8 7 4 0 16 4 11 9 17 2 6
#machine 11 2 9 13 5 11 1 4 15 2 8 10 9 5 4 0 8 6 14 8 12 3 7 4 2 8 0 12 4 5 12 11 3 3 13 7 8 1 6 3 6 5 1 8 3 7 1 1 5 4 0 6 5 13 4 11 9 7 4 1 16 9 9 4 9 7 16 2 6 9 0 7
#machine 11 3 6 5 1 8 3 7 2 1 5 8 19 4 0 8 6 14 8 12 3 7 4 4 11 6 8 9 11 1 16 3 0 15 1 19 8 9 4 0 16 4 11 9 17 2 6 2 5 5 1 5 2 6 11 5 11 5 2 8 0 19 8 13 9 19 1 16 4 7 10 2 18 3 10 8 7 3 3 13 7 8 1 6
#machine 10 2 4 11 1 11 4 7 10 2 18 3 10 8 7 2 6 9 0 7 2 5 5 1 5 4 2 8 0 12 4 5 12 11 1 4 15 2 8 10 9 5 4 0 16 4 11 9 17 2 6 3 3 13 7 8 1 6 2 2 12 6 15
#machine 12 4 7 10 2 18 3 10 8 7 1 4 15 3 0 15 1 19 8 9 4 6 13 9 19 5 18 3 8 4 1 16 9 9 4 9 7 16 4 0 8 6 14 8 12 3 7 3 6 5 1 8 3 7 2 9 13 5 11 2 8 10 9 5 2 2 12 6 15 2 5 5 1 5 4 2 8 0 12 4 5 12 11
#machine 14 2 6 11 5 11 1 4 15 2 1 5 8 19 4 0 8 6 14 8 12 3 7 1 1 5 4 2 8 0 12 4 5 12 11 3 3 13 7 8 1 6 3 0 15 1 19 8 9 4 3 11 9 14 4 10 6 15 2 5 5 1 5 2 8 10 9 5 2 4 11 1 11 5 2 8 0 19 8 13 9 19 1 16 2 9 13 5 11
#machine 13 4 6 13 9 19 5 18 3 8 5 1 16 9 9 2 12 3 11 4 15 3 3 13 7 8 1 6 2 6 11 5 11 2 9 13 5 11 4 1 16 9 9 4 9 7 16 4 7 10 2 18 3 10 8 7 4 2 8 0 12 4 5 12 11 2 5 5 1 5 2 6 9 0 7 4 0 16 4 11 9 17 2 6 2 1 5 8 19 5 2 8 0 19 8 13 9 19 1 16
#machine 11 4 6 13 9 19 5 18 3 8 4 0 6 5 13 4 11 9 7 4 1 16 9 9 4 9 7 16 2 9 13 5 11 2 1 5 8 19 2 4 11 1 11 5 1 16 9 9 2 12 3 11 4 15 2 5 5 1 5 3 0 15 1 19 8 9 1 1 5 4 3 11 9 14 4 10 6 15
#machine 13 2 1 5 8 19 2 5 5 1 5 3 3 13 7 8 1 6 2 6 9 0 7 2 2 12 6 15 1 4 15 4 0 16 4 11 9 17 2 6 3 0 15 1 19 8 9 2 9 13 5 11 2 1 11 0 9 3 6 5 1 8 3 7 4 2 8 0 12 4 5 12 11 4 4 11 6 8 9 11 1 16
#machine 13 4 0 16 4 11 9 17 2 6 3 0 15 1 19 8 9 4 2 8 0 12 4 5 12 11 2 1 5 8 19 4 1 16 9 9 4 9 7 16 1 4 15 4 4 11 6 8 9 11 1 16 4 7 10 2 18 3 10 8 7 2 6 11 5 11 4 0 8 6 14 8 12 3 7 4 6 13 9 19 5 18 3 8 2 2 12 6 15 2 6 9 0 7
#fixture 12 3 0 3 11 6 16 7 10 11 13 15 6 16 4 6 7 11 15 5 16 2 10 13 14 6 17 18 3 9 10 15 3 16 17 14 3 10 11 14 6 0 2 4 6 14 15 6 1 17 18 7 12 15 4 16 19 12 13 6 4 5 7 8 10 13 4 2 4 14 15
#fixture 13 6 16 2 18 19 3 5 3 16 0 8 5 1 4 5 12 14 5 16 0 2 9 14 4 2 19 13 14 4 2 3 19 10 4 17 18 2 13 3 0 3 9 6 0 16 1 17 2 7 4 0 1 6 9 4 1 2 4 5 5 16 0 2 19 7 5 16 17 18 19 10
#fixture 11 5 19 4 6 12 13 5 0 18 9 11 14 4 16 19 10 14 5 1 4 8 9 14 4 17 2 9 14 3 17 10 15 4 16 10 12 14 4 17 3 8 13 6 16 1 2 6 12 13 6 16 3 5 13 14 15 5 16 2 6 12 13
#fixture 11 4 16 2 5 6 3 16 7 15 3 1 18 7 4 1 17 5 14 6 17 18 6 10 12 15 6 18 19 8 12 13 15 3 6 13 14 4 3 5 6 7 4 4 9 10 14 3 16 1 12 5 0 19 6 11 14
#fixture 14 6 2 19 3 6 14 15 5 17 5 6 9 10 6 16 4 5 6 8 13 5 5 7 8 9 10 3 1 5 10 5 2 18 3 5 15 3 1 3 4 5 0 1 18 14 15 4 16 10 12 13 5 16 18 2 19 13 5 16 19 4 9 10 3 0 5 15 4 19 8 9 10 5 16 1 5 8 11
#fixture 11 6 18 6 7 9 12 13 3 16 8 9 4 3 8 12 15 3 16 2 5 4 1 9 10 11 4 16 3 4 15 3 2 7 14 6 2 19 5 6 7 11 5 2 19 6 7 12 4 6 11 12 13 6 0 16 17 3 5 9
#fixture 14 4 16 1 19 15 6 16 19 4 7 8 14 5 17 19 7 13 15 6 16 17 19 10 11 12 5 3 19 6 8 9 3 3 4 14 5 17 1 18 4 7 6 1 18 2 19 5 9 3 8 14 15 5 16 1 8 10 13 3 4 9 11 5 1 17 2 3 12 4 0 19 5 12 6 16 19 4 7 11 13
#fixture 13 3 19 4 14 4 0 17 2 4 6 19 3 9 10 11 12 5 16 0 3 4 15 6 2 4 5 6 9 12 6 16 4 5 8 12 15 4 1 9 13 14 4 16 9 11 12 4 19 7 13 14 3 2 11 14 6 16 19 3 4 7 11 4 5 8 11 14 5 0 18 2 5 10
#fixture 11 4 16 10 11 12 3 8 14 15 5 2 3 19 5 9 3 2 5 9 4 17 7 12 14 6 2 4 5 7 9 12 4 11 13 14 15 6 18 3 5 7 9 12 4 5 7 14 15 3 4 12 13 3 17 6 15
#fixture 12 3 3 6 11 3 18 2 13 6 0 5 7 11 13 15 4 16 4 5 11 4 18 6 7 11 6 3 5 7 11 12 13 6 17 2 5 11 12 15 4 16 17 18 12 4 5 6 11 12 4 8 9 13 14 3 2 7 8 5 18 2 7 13 15
#fixture 10 4 7 9 11 13 6 0 2 3 4 5 13 6 0 1 4 9 11 14 5 0 1 3 6 9 6 0 18 19 7 13 15 4 17 1 4 15 5 16 18 6 9 15 6 1 17 5 6 11 13 4 3 7 9 10 5 0 4 5 6 13
#fixture 11 6 0 18 19 4 12 13 5 0 1 8 9 13 3 2 19 13 4 1 5 8 10 4 4 9 10 11 3 9 13 15 6 1 7 8 10 14 15 4 4 6 8 12 4 19 7 10 15 5 0 3 5 9 12 6 19 4 6 7 9 10
#fixture 11 6 16 0 1 8 13 15 6 1 2 18 5 7 10 5 0 18 7 9 14 3 17 1 9 4 0 18 8 15 6 16 18 5 6 12 14 5 0 18 5 9 11 6 17 2 19 7 8 10 4 6 10 11 12 6 1 3 10 11 12 13 6 16 1 5 8 12 14
#fixture 10 3 19 3 12 6 16 17 1 19 12 13 4 1 3 19 13 3 8 10 12 3 0 18 8 4 0 3 9 12 3 6 11 12 5 0 17 5 6 9 6 16 0 5 7 9 10 3 1 18 10
#fixture 12 4 3 5 8 13 4 16 18 4 7 6 16 18 6 10 12 14 6 18 4 7 8 10 14 6 3 4 8 10 14 15 3 16 0 15 3 2 8 13 3 18 5 15 4 1 3 5 7 4 2 19 4 9 5 18 19 5 8 14 6 0 2 18 5 7 13
#fixture 14 6 0 16 1 2 19 8 6 16 17 8 9 11 12 5 0 17 5 11 12 3 18 6 14 3 2 5 11 3 1 14 15 3 16 3 7 6 1 2 18 3 7 11 5 2 18 19 7 11 5 16 17 4 5 13 4 18 4 5 6 6 0 3 6 8 13 15 4 18 12 14 15 4 16 4 6 8
#fixture 13 3 6 8 14 6 1 2 3 9 12 14 3 2 10 14 5 2 9 13 14 15 4 1 18 5 11 6 0 19 5 8 14 15 6 16 5 7 8 11 14 5 17 3 5 13 15 3 17 5 9 4 16 1 8 15 5 16 2 19 5 10 5 0 5 6 11 13 5 17 3 19 5 13
#fixture 11 4 17 3 5 14 6 3 5 6 10 14 15 4 0 3 4 7 4 17 7 11 15 4 0 18 7 8 5 5 6 8 10 15 6 16 2 3 8 11 13 5 16 1 2 3 5 4 16 4 10 15 5 0 4 8 14 15 3 1 18 8
#fixture 13 6 0 17 2 9 11 12 3 0 2 4 5 0 3 4 5 14 4 16 17 19 13 3 5 11 12 3 3 6 7 3 1 6 11 3 7 13 14 5 17 18 9 10 12 6 0 16 1 19 4 14 6 17 18 19 5 14 15 5 18 5 6 9 14 5 1 3 7 12 13
#fixture 13 3 5 8 12 4 6 7 8 11 3 19 5 11 4 0 2 4 10 5 1 4 5 6 15 6 0 17 18 9 10 13 6 2 3 6 11 12 15 3 18 3 8 5 17 2 11 12 14 4 17 1 18 6 4 17 18 5 14 6 0 3 7 8 13 14 3 0 18 11
#fixtureTime 0 4
#fixtureTime 1 4
#fixtureTime 2 7
#fixtureTime 3 9
#fixtureTime 4 9
#fixtureTime 5 5
#fixtureTime 6 8
#fixtureTime 7 5
#fixtureTime 8 8
#fixtureTime 9 5
#fixtureTime 10 5
#fixtureTime 11 4
#fixtureTime 12 9
#fixtureTime 13 9
#fixtureTime 14 9
#fixtureTime 15 5
#fixtureTime 16 8
#fixtureTime 17 8
#fixtureTime 18 5
#fixtureTime 19 6
